Orbital parameters for the last 2000 years to 2100 AD (Berger, 1978)
(Slightly higher precision than the calculation in the reference)

This file is available on
	https://pmip3.lsce.ipsl.fr/wiki/doku.php/pmip3:design:lm:index

Year   = Common Era (CE or AD)
ECCEN  = eccentricity of orbital ellipse
OBLIQ  = latitude of Tropic of Cancer in degrees
PERI   = longitude of perihelion 

       = spatial angle from vernal equinox to perihelion in degrees
         with sun as angle vertex

Note that for the period 0-2100 CE, the changes in orbital parameters
are well approximated by linear regressions:

ECCEN    = 0.017475 - 0.000000382 * Year
OBLIQ    = 23.697   - 0.000128    * Year
PERI-180 = 68.79    + 0.0170      * Year

  Year    ECCEN       OBLIQ       PERI-180
     0   0.0174657   23.695373    68.81967
     1   0.0174654   23.695250    68.83661
     2   0.0174650   23.695126    68.85356
     3   0.0174647   23.695003    68.87051
     4   0.0174643   23.694880    68.88745
     5   0.0174639   23.694756    68.90440
     6   0.0174636   23.694633    68.92135
     7   0.0174632   23.694510    68.93829
     8   0.0174629   23.694386    68.95524
     9   0.0174625   23.694263    68.97219
    10   0.0174622   23.694140    68.98914
    11   0.0174618   23.694016    69.00608
    12   0.0174615   23.693893    69.02303
    13   0.0174611   23.693770    69.03998
    14   0.0174607   23.693646    69.05692
    15   0.0174604   23.693523    69.07387
    16   0.0174600   23.693399    69.09082
    17   0.0174597   23.693276    69.10777
    18   0.0174593   23.693153    69.12472
    19   0.0174590   23.693029    69.14166
    20   0.0174586   23.692906    69.15861
    21   0.0174582   23.692782    69.17556
    22   0.0174579   23.692659    69.19251
    23   0.0174575   23.692535    69.20946
    24   0.0174572   23.692412    69.22640
    25   0.0174568   23.692288    69.24335
    26   0.0174565   23.692165    69.26030
    27   0.0174561   23.692042    69.27725
    28   0.0174558   23.691918    69.29420
    29   0.0174554   23.691795    69.31115
    30   0.0174550   23.691671    69.32810
    31   0.0174547   23.691548    69.34505
    32   0.0174543   23.691424    69.36199
    33   0.0174540   23.691301    69.37894
    34   0.0174536   23.691177    69.39589
    35   0.0174533   23.691054    69.41284
    36   0.0174529   23.690930    69.42979
    37   0.0174526   23.690806    69.44674
    38   0.0174522   23.690683    69.46369
    39   0.0174518   23.690559    69.48064
    40   0.0174515   23.690436    69.49759
    41   0.0174511   23.690312    69.51454
    42   0.0174508   23.690189    69.53149
    43   0.0174504   23.690065    69.54844
    44   0.0174501   23.689941    69.56539
    45   0.0174497   23.689818    69.58234
    46   0.0174493   23.689694    69.59929
    47   0.0174490   23.689571    69.61624
    48   0.0174486   23.689447    69.63319
    49   0.0174483   23.689323    69.65014
    50   0.0174479   23.689200    69.66709
    51   0.0174476   23.689076    69.68404
    52   0.0174472   23.688953    69.70100
    53   0.0174468   23.688829    69.71795
    54   0.0174465   23.688705    69.73490
    55   0.0174461   23.688582    69.75185
    56   0.0174458   23.688458    69.76880
    57   0.0174454   23.688334    69.78575
    58   0.0174451   23.688211    69.80270
    59   0.0174447   23.688087    69.81965
    60   0.0174443   23.687963    69.83661
    61   0.0174440   23.687840    69.85356
    62   0.0174436   23.687716    69.87051
    63   0.0174433   23.687592    69.88746
    64   0.0174429   23.687468    69.90441
    65   0.0174426   23.687345    69.92136
    66   0.0174422   23.687221    69.93832
    67   0.0174418   23.687097    69.95527
    68   0.0174415   23.686973    69.97222
    69   0.0174411   23.686850    69.98917
    70   0.0174408   23.686726    70.00613
    71   0.0174404   23.686602    70.02308
    72   0.0174401   23.686478    70.04003
    73   0.0174397   23.686355    70.05698
    74   0.0174393   23.686231    70.07394
    75   0.0174390   23.686107    70.09089
    76   0.0174386   23.685983    70.10784
    77   0.0174383   23.685859    70.12480
    78   0.0174379   23.685736    70.14175
    79   0.0174376   23.685612    70.15870
    80   0.0174372   23.685488    70.17566
    81   0.0174368   23.685364    70.19261
    82   0.0174365   23.685240    70.20956
    83   0.0174361   23.685117    70.22652
    84   0.0174358   23.684993    70.24347
    85   0.0174354   23.684869    70.26042
    86   0.0174351   23.684745    70.27738
    87   0.0174347   23.684621    70.29433
    88   0.0174343   23.684497    70.31129
    89   0.0174340   23.684373    70.32824
    90   0.0174336   23.684249    70.34519
    91   0.0174333   23.684126    70.36215
    92   0.0174329   23.684002    70.37910
    93   0.0174326   23.683878    70.39606
    94   0.0174322   23.683754    70.41301
    95   0.0174318   23.683630    70.42997
    96   0.0174315   23.683506    70.44692
    97   0.0174311   23.683382    70.46388
    98   0.0174308   23.683258    70.48083
    99   0.0174304   23.683134    70.49779
   100   0.0174300   23.683010    70.51474
   101   0.0174297   23.682886    70.53170
   102   0.0174293   23.682762    70.54865
   103   0.0174290   23.682638    70.56561
   104   0.0174286   23.682514    70.58256
   105   0.0174283   23.682390    70.59952
   106   0.0174279   23.682266    70.61648
   107   0.0174275   23.682142    70.63343
   108   0.0174272   23.682018    70.65039
   109   0.0174268   23.681894    70.66734
   110   0.0174265   23.681770    70.68430
   111   0.0174261   23.681646    70.70126
   112   0.0174258   23.681522    70.71821
   113   0.0174254   23.681398    70.73517
   114   0.0174250   23.681274    70.75212
   115   0.0174247   23.681150    70.76908
   116   0.0174243   23.681026    70.78604
   117   0.0174240   23.680902    70.80299
   118   0.0174236   23.680778    70.81995
   119   0.0174232   23.680654    70.83691
   120   0.0174229   23.680530    70.85387
   121   0.0174225   23.680406    70.87082
   122   0.0174222   23.680282    70.88778
   123   0.0174218   23.680158    70.90474
   124   0.0174214   23.680034    70.92169
   125   0.0174211   23.679910    70.93865
   126   0.0174207   23.679785    70.95561
   127   0.0174204   23.679661    70.97257
   128   0.0174200   23.679537    70.98952
   129   0.0174197   23.679413    71.00648
   130   0.0174193   23.679289    71.02344
   131   0.0174189   23.679165    71.04040
   132   0.0174186   23.679041    71.05736
   133   0.0174182   23.678916    71.07431
   134   0.0174179   23.678792    71.09127
   135   0.0174175   23.678668    71.10823
   136   0.0174171   23.678544    71.12519
   137   0.0174168   23.678420    71.14215
   138   0.0174164   23.678296    71.15911
   139   0.0174161   23.678171    71.17607
   140   0.0174157   23.678047    71.19302
   141   0.0174153   23.677923    71.20998
   142   0.0174150   23.677799    71.22694
   143   0.0174146   23.677674    71.24390
   144   0.0174143   23.677550    71.26086
   145   0.0174139   23.677426    71.27782
   146   0.0174136   23.677302    71.29478
   147   0.0174132   23.677178    71.31174
   148   0.0174128   23.677053    71.32870
   149   0.0174125   23.676929    71.34566
   150   0.0174121   23.676805    71.36262
   151   0.0174118   23.676681    71.37958
   152   0.0174114   23.676556    71.39654
   153   0.0174110   23.676432    71.41350
   154   0.0174107   23.676308    71.43046
   155   0.0174103   23.676183    71.44742
   156   0.0174100   23.676059    71.46438
   157   0.0174096   23.675935    71.48134
   158   0.0174092   23.675810    71.49830
   159   0.0174089   23.675686    71.51526
   160   0.0174085   23.675562    71.53222
   161   0.0174082   23.675437    71.54918
   162   0.0174078   23.675313    71.56614
   163   0.0174074   23.675189    71.58310
   164   0.0174071   23.675064    71.60006
   165   0.0174067   23.674940    71.61702
   166   0.0174064   23.674816    71.63398
   167   0.0174060   23.674691    71.65095
   168   0.0174056   23.674567    71.66791
   169   0.0174053   23.674443    71.68487
   170   0.0174049   23.674318    71.70183
   171   0.0174046   23.674194    71.71879
   172   0.0174042   23.674069    71.73575
   173   0.0174038   23.673945    71.75271
   174   0.0174035   23.673821    71.76968
   175   0.0174031   23.673696    71.78664
   176   0.0174028   23.673572    71.80360
   177   0.0174024   23.673447    71.82056
   178   0.0174020   23.673323    71.83752
   179   0.0174017   23.673198    71.85449
   180   0.0174013   23.673074    71.87145
   181   0.0174010   23.672950    71.88841
   182   0.0174006   23.672825    71.90537
   183   0.0174002   23.672701    71.92234
   184   0.0173999   23.672576    71.93930
   185   0.0173995   23.672452    71.95626
   186   0.0173992   23.672327    71.97323
   187   0.0173988   23.672203    71.99019
   188   0.0173984   23.672078    72.00715
   189   0.0173981   23.671954    72.02411
   190   0.0173977   23.671829    72.04108
   191   0.0173974   23.671705    72.05804
   192   0.0173970   23.671580    72.07501
   193   0.0173966   23.671456    72.09197
   194   0.0173963   23.671331    72.10893
   195   0.0173959   23.671206    72.12590
   196   0.0173956   23.671082    72.14286
   197   0.0173952   23.670957    72.15982
   198   0.0173948   23.670833    72.17679
   199   0.0173945   23.670708    72.19375
   200   0.0173941   23.670584    72.21072
   201   0.0173938   23.670459    72.22768
   202   0.0173934   23.670335    72.24464
   203   0.0173930   23.670210    72.26161
   204   0.0173927   23.670085    72.27857
   205   0.0173923   23.669961    72.29554
   206   0.0173920   23.669836    72.31250
   207   0.0173916   23.669712    72.32947
   208   0.0173912   23.669587    72.34643
   209   0.0173909   23.669462    72.36340
   210   0.0173905   23.669338    72.38036
   211   0.0173901   23.669213    72.39733
   212   0.0173898   23.669088    72.41429
   213   0.0173894   23.668964    72.43126
   214   0.0173891   23.668839    72.44822
   215   0.0173887   23.668714    72.46519
   216   0.0173883   23.668590    72.48216
   217   0.0173880   23.668465    72.49912
   218   0.0173876   23.668340    72.51609
   219   0.0173873   23.668216    72.53305
   220   0.0173869   23.668091    72.55002
   221   0.0173865   23.667966    72.56699
   222   0.0173862   23.667842    72.58395
   223   0.0173858   23.667717    72.60092
   224   0.0173855   23.667592    72.61788
   225   0.0173851   23.667467    72.63485
   226   0.0173847   23.667343    72.65182
   227   0.0173844   23.667218    72.66878
   228   0.0173840   23.667093    72.68575
   229   0.0173836   23.666968    72.70272
   230   0.0173833   23.666844    72.71968
   231   0.0173829   23.666719    72.73665
   232   0.0173826   23.666594    72.75362
   233   0.0173822   23.666469    72.77059
   234   0.0173818   23.666345    72.78755
   235   0.0173815   23.666220    72.80452
   236   0.0173811   23.666095    72.82149
   237   0.0173808   23.665970    72.83846
   238   0.0173804   23.665845    72.85542
   239   0.0173800   23.665721    72.87239
   240   0.0173797   23.665596    72.88936
   241   0.0173793   23.665471    72.90633
   242   0.0173789   23.665346    72.92329
   243   0.0173786   23.665221    72.94026
   244   0.0173782   23.665097    72.95723
   245   0.0173779   23.664972    72.97420
   246   0.0173775   23.664847    72.99117
   247   0.0173771   23.664722    73.00814
   248   0.0173768   23.664597    73.02510
   249   0.0173764   23.664472    73.04207
   250   0.0173761   23.664347    73.05904
   251   0.0173757   23.664223    73.07601
   252   0.0173753   23.664098    73.09298
   253   0.0173750   23.663973    73.10995
   254   0.0173746   23.663848    73.12692
   255   0.0173742   23.663723    73.14389
   256   0.0173739   23.663598    73.16086
   257   0.0173735   23.663473    73.17783
   258   0.0173732   23.663348    73.19479
   259   0.0173728   23.663223    73.21176
   260   0.0173724   23.663098    73.22873
   261   0.0173721   23.662973    73.24570
   262   0.0173717   23.662849    73.26267
   263   0.0173713   23.662724    73.27964
   264   0.0173710   23.662599    73.29661
   265   0.0173706   23.662474    73.31358
   266   0.0173703   23.662349    73.33055
   267   0.0173699   23.662224    73.34752
   268   0.0173695   23.662099    73.36449
   269   0.0173692   23.661974    73.38146
   270   0.0173688   23.661849    73.39843
   271   0.0173684   23.661724    73.41541
   272   0.0173681   23.661599    73.43238
   273   0.0173677   23.661474    73.44935
   274   0.0173674   23.661349    73.46632
   275   0.0173670   23.661224    73.48329
   276   0.0173666   23.661099    73.50026
   277   0.0173663   23.660974    73.51723
   278   0.0173659   23.660849    73.53420
   279   0.0173655   23.660724    73.55117
   280   0.0173652   23.660599    73.56815
   281   0.0173648   23.660474    73.58512
   282   0.0173645   23.660348    73.60209
   283   0.0173641   23.660223    73.61906
   284   0.0173637   23.660098    73.63603
   285   0.0173634   23.659973    73.65300
   286   0.0173630   23.659848    73.66998
   287   0.0173626   23.659723    73.68695
   288   0.0173623   23.659598    73.70392
   289   0.0173619   23.659473    73.72089
   290   0.0173616   23.659348    73.73786
   291   0.0173612   23.659223    73.75484
   292   0.0173608   23.659098    73.77181
   293   0.0173605   23.658972    73.78878
   294   0.0173601   23.658847    73.80575
   295   0.0173597   23.658722    73.82273
   296   0.0173594   23.658597    73.83970
   297   0.0173590   23.658472    73.85667
   298   0.0173587   23.658347    73.87365
   299   0.0173583   23.658222    73.89062
   300   0.0173579   23.658096    73.90759
   301   0.0173576   23.657971    73.92457
   302   0.0173572   23.657846    73.94154
   303   0.0173568   23.657721    73.95851
   304   0.0173565   23.657596    73.97549
   305   0.0173561   23.657471    73.99246
   306   0.0173557   23.657345    74.00943
   307   0.0173554   23.657220    74.02641
   308   0.0173550   23.657095    74.04338
   309   0.0173547   23.656970    74.06036
   310   0.0173543   23.656844    74.07733
   311   0.0173539   23.656719    74.09430
   312   0.0173536   23.656594    74.11128
   313   0.0173532   23.656469    74.12825
   314   0.0173528   23.656344    74.14523
   315   0.0173525   23.656218    74.16220
   316   0.0173521   23.656093    74.17918
   317   0.0173517   23.655968    74.19615
   318   0.0173514   23.655843    74.21313
   319   0.0173510   23.655717    74.23010
   320   0.0173507   23.655592    74.24708
   321   0.0173503   23.655467    74.26405
   322   0.0173499   23.655341    74.28103
   323   0.0173496   23.655216    74.29800
   324   0.0173492   23.655091    74.31498
   325   0.0173488   23.654966    74.33195
   326   0.0173485   23.654840    74.34893
   327   0.0173481   23.654715    74.36590
   328   0.0173477   23.654590    74.38288
   329   0.0173474   23.654464    74.39986
   330   0.0173470   23.654339    74.41683
   331   0.0173467   23.654214    74.43381
   332   0.0173463   23.654088    74.45078
   333   0.0173459   23.653963    74.46776
   334   0.0173456   23.653838    74.48474
   335   0.0173452   23.653712    74.50171
   336   0.0173448   23.653587    74.51869
   337   0.0173445   23.653461    74.53567
   338   0.0173441   23.653336    74.55264
   339   0.0173437   23.653211    74.56962
   340   0.0173434   23.653085    74.58660
   341   0.0173430   23.652960    74.60357
   342   0.0173426   23.652834    74.62055
   343   0.0173423   23.652709    74.63753
   344   0.0173419   23.652584    74.65451
   345   0.0173416   23.652458    74.67148
   346   0.0173412   23.652333    74.68846
   347   0.0173408   23.652207    74.70544
   348   0.0173405   23.652082    74.72242
   349   0.0173401   23.651957    74.73939
   350   0.0173397   23.651831    74.75637
   351   0.0173394   23.651706    74.77335
   352   0.0173390   23.651580    74.79033
   353   0.0173386   23.651455    74.80730
   354   0.0173383   23.651329    74.82428
   355   0.0173379   23.651204    74.84126
   356   0.0173375   23.651078    74.85824
   357   0.0173372   23.650953    74.87522
   358   0.0173368   23.650827    74.89220
   359   0.0173364   23.650702    74.90918
   360   0.0173361   23.650576    74.92615
   361   0.0173357   23.650451    74.94313
   362   0.0173354   23.650325    74.96011
   363   0.0173350   23.650200    74.97709
   364   0.0173346   23.650074    74.99407
   365   0.0173343   23.649949    75.01105
   366   0.0173339   23.649823    75.02803
   367   0.0173335   23.649698    75.04501
   368   0.0173332   23.649572    75.06199
   369   0.0173328   23.649447    75.07897
   370   0.0173324   23.649321    75.09595
   371   0.0173321   23.649195    75.11293
   372   0.0173317   23.649070    75.12991
   373   0.0173313   23.648944    75.14689
   374   0.0173310   23.648819    75.16387
   375   0.0173306   23.648693    75.18085
   376   0.0173302   23.648568    75.19783
   377   0.0173299   23.648442    75.21481
   378   0.0173295   23.648316    75.23179
   379   0.0173291   23.648191    75.24877
   380   0.0173288   23.648065    75.26575
   381   0.0173284   23.647940    75.28273
   382   0.0173281   23.647814    75.29971
   383   0.0173277   23.647688    75.31669
   384   0.0173273   23.647563    75.33367
   385   0.0173270   23.647437    75.35065
   386   0.0173266   23.647311    75.36763
   387   0.0173262   23.647186    75.38461
   388   0.0173259   23.647060    75.40159
   389   0.0173255   23.646934    75.41858
   390   0.0173251   23.646809    75.43556
   391   0.0173248   23.646683    75.45254
   392   0.0173244   23.646557    75.46952
   393   0.0173240   23.646432    75.48650
   394   0.0173237   23.646306    75.50348
   395   0.0173233   23.646180    75.52047
   396   0.0173229   23.646055    75.53745
   397   0.0173226   23.645929    75.55443
   398   0.0173222   23.645803    75.57141
   399   0.0173218   23.645678    75.58839
   400   0.0173215   23.645552    75.60538
   401   0.0173211   23.645426    75.62236
   402   0.0173207   23.645300    75.63934
   403   0.0173204   23.645175    75.65632
   404   0.0173200   23.645049    75.67331
   405   0.0173196   23.644923    75.69029
   406   0.0173193   23.644797    75.70727
   407   0.0173189   23.644672    75.72425
   408   0.0173185   23.644546    75.74124
   409   0.0173182   23.644420    75.75822
   410   0.0173178   23.644294    75.77520
   411   0.0173174   23.644169    75.79219
   412   0.0173171   23.644043    75.80917
   413   0.0173167   23.643917    75.82615
   414   0.0173163   23.643791    75.84314
   415   0.0173160   23.643665    75.86012
   416   0.0173156   23.643540    75.87711
   417   0.0173153   23.643414    75.89409
   418   0.0173149   23.643288    75.91107
   419   0.0173145   23.643162    75.92806
   420   0.0173142   23.643036    75.94504
   421   0.0173138   23.642910    75.96203
   422   0.0173134   23.642785    75.97901
   423   0.0173131   23.642659    75.99599
   424   0.0173127   23.642533    76.01298
   425   0.0173123   23.642407    76.02996
   426   0.0173120   23.642281    76.04695
   427   0.0173116   23.642155    76.06393
   428   0.0173112   23.642029    76.08092
   429   0.0173109   23.641904    76.09790
   430   0.0173105   23.641778    76.11489
   431   0.0173101   23.641652    76.13187
   432   0.0173098   23.641526    76.14886
   433   0.0173094   23.641400    76.16584
   434   0.0173090   23.641274    76.18283
   435   0.0173087   23.641148    76.19982
   436   0.0173083   23.641022    76.21680
   437   0.0173079   23.640896    76.23379
   438   0.0173076   23.640771    76.25077
   439   0.0173072   23.640645    76.26776
   440   0.0173068   23.640519    76.28474
   441   0.0173065   23.640393    76.30173
   442   0.0173061   23.640267    76.31872
   443   0.0173057   23.640141    76.33570
   444   0.0173054   23.640015    76.35269
   445   0.0173050   23.639889    76.36968
   446   0.0173046   23.639763    76.38666
   447   0.0173043   23.639637    76.40365
   448   0.0173039   23.639511    76.42064
   449   0.0173035   23.639385    76.43762
   450   0.0173031   23.639259    76.45461
   451   0.0173028   23.639133    76.47160
   452   0.0173024   23.639007    76.48858
   453   0.0173020   23.638881    76.50557
   454   0.0173017   23.638755    76.52256
   455   0.0173013   23.638629    76.53954
   456   0.0173009   23.638503    76.55653
   457   0.0173006   23.638377    76.57352
   458   0.0173002   23.638251    76.59051
   459   0.0172998   23.638125    76.60749
   460   0.0172995   23.637999    76.62448
   461   0.0172991   23.637873    76.64147
   462   0.0172987   23.637747    76.65846
   463   0.0172984   23.637621    76.67545
   464   0.0172980   23.637495    76.69243
   465   0.0172976   23.637369    76.70942
   466   0.0172973   23.637243    76.72641
   467   0.0172969   23.637116    76.74340
   468   0.0172965   23.636990    76.76039
   469   0.0172962   23.636864    76.77738
   470   0.0172958   23.636738    76.79437
   471   0.0172954   23.636612    76.81135
   472   0.0172951   23.636486    76.82834
   473   0.0172947   23.636360    76.84533
   474   0.0172943   23.636234    76.86232
   475   0.0172940   23.636108    76.87931
   476   0.0172936   23.635982    76.89630
   477   0.0172932   23.635855    76.91329
   478   0.0172929   23.635729    76.93028
   479   0.0172925   23.635603    76.94727
   480   0.0172921   23.635477    76.96426
   481   0.0172918   23.635351    76.98125
   482   0.0172914   23.635225    76.99824
   483   0.0172910   23.635099    77.01523
   484   0.0172907   23.634972    77.03222
   485   0.0172903   23.634846    77.04921
   486   0.0172899   23.634720    77.06620
   487   0.0172895   23.634594    77.08319
   488   0.0172892   23.634468    77.10018
   489   0.0172888   23.634342    77.11717
   490   0.0172884   23.634215    77.13416
   491   0.0172881   23.634089    77.15115
   492   0.0172877   23.633963    77.16814
   493   0.0172873   23.633837    77.18513
   494   0.0172870   23.633711    77.20212
   495   0.0172866   23.633584    77.21911
   496   0.0172862   23.633458    77.23610
   497   0.0172859   23.633332    77.25310
   498   0.0172855   23.633206    77.27009
   499   0.0172851   23.633079    77.28708
   500   0.0172848   23.632953    77.30407
   501   0.0172844   23.632827    77.32106
   502   0.0172840   23.632701    77.33805
   503   0.0172837   23.632574    77.35504
   504   0.0172833   23.632448    77.37204
   505   0.0172829   23.632322    77.38903
   506   0.0172826   23.632196    77.40602
   507   0.0172822   23.632069    77.42301
   508   0.0172818   23.631943    77.44000
   509   0.0172814   23.631817    77.45700
   510   0.0172811   23.631690    77.47399
   511   0.0172807   23.631564    77.49098
   512   0.0172803   23.631438    77.50797
   513   0.0172800   23.631312    77.52497
   514   0.0172796   23.631185    77.54196
   515   0.0172792   23.631059    77.55895
   516   0.0172789   23.630933    77.57594
   517   0.0172785   23.630806    77.59294
   518   0.0172781   23.630680    77.60993
   519   0.0172778   23.630554    77.62692
   520   0.0172774   23.630427    77.64392
   521   0.0172770   23.630301    77.66091
   522   0.0172767   23.630175    77.67790
   523   0.0172763   23.630048    77.69490
   524   0.0172759   23.629922    77.71189
   525   0.0172755   23.629795    77.72888
   526   0.0172752   23.629669    77.74588
   527   0.0172748   23.629543    77.76287
   528   0.0172744   23.629416    77.77987
   529   0.0172741   23.629290    77.79686
   530   0.0172737   23.629164    77.81385
   531   0.0172733   23.629037    77.83085
   532   0.0172730   23.628911    77.84784
   533   0.0172726   23.628784    77.86484
   534   0.0172722   23.628658    77.88183
   535   0.0172719   23.628531    77.89883
   536   0.0172715   23.628405    77.91582
   537   0.0172711   23.628279    77.93282
   538   0.0172707   23.628152    77.94981
   539   0.0172704   23.628026    77.96681
   540   0.0172700   23.627899    77.98380
   541   0.0172696   23.627773    78.00080
   542   0.0172693   23.627646    78.01779
   543   0.0172689   23.627520    78.03479
   544   0.0172685   23.627394    78.05178
   545   0.0172682   23.627267    78.06878
   546   0.0172678   23.627141    78.08577
   547   0.0172674   23.627014    78.10277
   548   0.0172670   23.626888    78.11977
   549   0.0172667   23.626761    78.13676
   550   0.0172663   23.626635    78.15376
   551   0.0172659   23.626508    78.17075
   552   0.0172656   23.626382    78.18775
   553   0.0172652   23.626255    78.20475
   554   0.0172648   23.626129    78.22174
   555   0.0172645   23.626002    78.23874
   556   0.0172641   23.625876    78.25574
   557   0.0172637   23.625749    78.27273
   558   0.0172634   23.625623    78.28973
   559   0.0172630   23.625496    78.30673
   560   0.0172626   23.625369    78.32372
   561   0.0172622   23.625243    78.34072
   562   0.0172619   23.625116    78.35772
   563   0.0172615   23.624990    78.37471
   564   0.0172611   23.624863    78.39171
   565   0.0172608   23.624737    78.40871
   566   0.0172604   23.624610    78.42571
   567   0.0172600   23.624484    78.44270
   568   0.0172597   23.624357    78.45970
   569   0.0172593   23.624230    78.47670
   570   0.0172589   23.624104    78.49370
   571   0.0172585   23.623977    78.51070
   572   0.0172582   23.623851    78.52769
   573   0.0172578   23.623724    78.54469
   574   0.0172574   23.623597    78.56169
   575   0.0172571   23.623471    78.57869
   576   0.0172567   23.623344    78.59569
   577   0.0172563   23.623218    78.61268
   578   0.0172559   23.623091    78.62968
   579   0.0172556   23.622964    78.64668
   580   0.0172552   23.622838    78.66368
   581   0.0172548   23.622711    78.68068
   582   0.0172545   23.622584    78.69768
   583   0.0172541   23.622458    78.71468
   584   0.0172537   23.622331    78.73168
   585   0.0172534   23.622204    78.74868
   586   0.0172530   23.622078    78.76568
   587   0.0172526   23.621951    78.78267
   588   0.0172522   23.621824    78.79967
   589   0.0172519   23.621698    78.81667
   590   0.0172515   23.621571    78.83367
   591   0.0172511   23.621444    78.85067
   592   0.0172508   23.621318    78.86767
   593   0.0172504   23.621191    78.88467
   594   0.0172500   23.621064    78.90167
   595   0.0172496   23.620937    78.91867
   596   0.0172493   23.620811    78.93567
   597   0.0172489   23.620684    78.95267
   598   0.0172485   23.620557    78.96967
   599   0.0172482   23.620431    78.98667
   600   0.0172478   23.620304    79.00367
   601   0.0172474   23.620177    79.02068
   602   0.0172471   23.620050    79.03768
   603   0.0172467   23.619924    79.05468
   604   0.0172463   23.619797    79.07168
   605   0.0172459   23.619670    79.08868
   606   0.0172456   23.619543    79.10568
   607   0.0172452   23.619417    79.12268
   608   0.0172448   23.619290    79.13968
   609   0.0172445   23.619163    79.15668
   610   0.0172441   23.619036    79.17369
   611   0.0172437   23.618909    79.19069
   612   0.0172433   23.618783    79.20769
   613   0.0172430   23.618656    79.22469
   614   0.0172426   23.618529    79.24169
   615   0.0172422   23.618402    79.25869
   616   0.0172419   23.618275    79.27570
   617   0.0172415   23.618149    79.29270
   618   0.0172411   23.618022    79.30970
   619   0.0172407   23.617895    79.32670
   620   0.0172404   23.617768    79.34371
   621   0.0172400   23.617641    79.36071
   622   0.0172396   23.617515    79.37771
   623   0.0172393   23.617388    79.39471
   624   0.0172389   23.617261    79.41172
   625   0.0172385   23.617134    79.42872
   626   0.0172381   23.617007    79.44572
   627   0.0172378   23.616880    79.46273
   628   0.0172374   23.616753    79.47973
   629   0.0172370   23.616627    79.49673
   630   0.0172367   23.616500    79.51374
   631   0.0172363   23.616373    79.53074
   632   0.0172359   23.616246    79.54774
   633   0.0172355   23.616119    79.56475
   634   0.0172352   23.615992    79.58175
   635   0.0172348   23.615865    79.59875
   636   0.0172344   23.615738    79.61576
   637   0.0172341   23.615611    79.63276
   638   0.0172337   23.615484    79.64977
   639   0.0172333   23.615358    79.66677
   640   0.0172329   23.615231    79.68377
   641   0.0172326   23.615104    79.70078
   642   0.0172322   23.614977    79.71778
   643   0.0172318   23.614850    79.73479
   644   0.0172314   23.614723    79.75179
   645   0.0172311   23.614596    79.76880
   646   0.0172307   23.614469    79.78580
   647   0.0172303   23.614342    79.80281
   648   0.0172300   23.614215    79.81981
   649   0.0172296   23.614088    79.83682
   650   0.0172292   23.613961    79.85382
   651   0.0172288   23.613834    79.87083
   652   0.0172285   23.613707    79.88783
   653   0.0172281   23.613580    79.90484
   654   0.0172277   23.613453    79.92184
   655   0.0172274   23.613326    79.93885
   656   0.0172270   23.613199    79.95585
   657   0.0172266   23.613072    79.97286
   658   0.0172262   23.612945    79.98987
   659   0.0172259   23.612818    80.00687
   660   0.0172255   23.612691    80.02388
   661   0.0172251   23.612564    80.04088
   662   0.0172247   23.612437    80.05789
   663   0.0172244   23.612310    80.07490
   664   0.0172240   23.612183    80.09190
   665   0.0172236   23.612056    80.10891
   666   0.0172233   23.611929    80.12592
   667   0.0172229   23.611802    80.14292
   668   0.0172225   23.611675    80.15993
   669   0.0172221   23.611548    80.17694
   670   0.0172218   23.611421    80.19394
   671   0.0172214   23.611294    80.21095
   672   0.0172210   23.611167    80.22796
   673   0.0172206   23.611040    80.24497
   674   0.0172203   23.610913    80.26197
   675   0.0172199   23.610786    80.27898
   676   0.0172195   23.610658    80.29599
   677   0.0172192   23.610531    80.31300
   678   0.0172188   23.610404    80.33000
   679   0.0172184   23.610277    80.34701
   680   0.0172180   23.610150    80.36402
   681   0.0172177   23.610023    80.38103
   682   0.0172173   23.609896    80.39804
   683   0.0172169   23.609769    80.41504
   684   0.0172165   23.609642    80.43205
   685   0.0172162   23.609515    80.44906
   686   0.0172158   23.609387    80.46607
   687   0.0172154   23.609260    80.48308
   688   0.0172150   23.609133    80.50009
   689   0.0172147   23.609006    80.51709
   690   0.0172143   23.608879    80.53410
   691   0.0172139   23.608752    80.55111
   692   0.0172136   23.608625    80.56812
   693   0.0172132   23.608497    80.58513
   694   0.0172128   23.608370    80.60214
   695   0.0172124   23.608243    80.61915
   696   0.0172121   23.608116    80.63616
   697   0.0172117   23.607989    80.65317
   698   0.0172113   23.607862    80.67018
   699   0.0172109   23.607734    80.68719
   700   0.0172106   23.607607    80.70420
   701   0.0172102   23.607480    80.72121
   702   0.0172098   23.607353    80.73822
   703   0.0172094   23.607226    80.75523
   704   0.0172091   23.607098    80.77224
   705   0.0172087   23.606971    80.78925
   706   0.0172083   23.606844    80.80626
   707   0.0172080   23.606717    80.82327
   708   0.0172076   23.606589    80.84028
   709   0.0172072   23.606462    80.85729
   710   0.0172068   23.606335    80.87430
   711   0.0172065   23.606208    80.89131
   712   0.0172061   23.606081    80.90832
   713   0.0172057   23.605953    80.92533
   714   0.0172053   23.605826    80.94234
   715   0.0172050   23.605699    80.95935
   716   0.0172046   23.605572    80.97637
   717   0.0172042   23.605444    80.99338
   718   0.0172038   23.605317    81.01039
   719   0.0172035   23.605190    81.02740
   720   0.0172031   23.605062    81.04441
   721   0.0172027   23.604935    81.06142
   722   0.0172023   23.604808    81.07843
   723   0.0172020   23.604681    81.09545
   724   0.0172016   23.604553    81.11246
   725   0.0172012   23.604426    81.12947
   726   0.0172008   23.604299    81.14648
   727   0.0172005   23.604171    81.16350
   728   0.0172001   23.604044    81.18051
   729   0.0171997   23.603917    81.19752
   730   0.0171994   23.603789    81.21453
   731   0.0171990   23.603662    81.23154
   732   0.0171986   23.603535    81.24856
   733   0.0171982   23.603407    81.26557
   734   0.0171979   23.603280    81.28258
   735   0.0171975   23.603153    81.29960
   736   0.0171971   23.603025    81.31661
   737   0.0171967   23.602898    81.33362
   738   0.0171964   23.602771    81.35064
   739   0.0171960   23.602643    81.36765
   740   0.0171956   23.602516    81.38466
   741   0.0171952   23.602389    81.40168
   742   0.0171949   23.602261    81.41869
   743   0.0171945   23.602134    81.43570
   744   0.0171941   23.602006    81.45272
   745   0.0171937   23.601879    81.46973
   746   0.0171934   23.601752    81.48675
   747   0.0171930   23.601624    81.50376
   748   0.0171926   23.601497    81.52077
   749   0.0171922   23.601370    81.53779
   750   0.0171919   23.601242    81.55480
   751   0.0171915   23.601115    81.57182
   752   0.0171911   23.600987    81.58883
   753   0.0171907   23.600860    81.60585
   754   0.0171904   23.600732    81.62286
   755   0.0171900   23.600605    81.63988
   756   0.0171896   23.600478    81.65689
   757   0.0171892   23.600350    81.67391
   758   0.0171889   23.600223    81.69092
   759   0.0171885   23.600095    81.70794
   760   0.0171881   23.599968    81.72495
   761   0.0171877   23.599840    81.74197
   762   0.0171874   23.599713    81.75898
   763   0.0171870   23.599585    81.77600
   764   0.0171866   23.599458    81.79301
   765   0.0171862   23.599330    81.81003
   766   0.0171859   23.599203    81.82704
   767   0.0171855   23.599076    81.84406
   768   0.0171851   23.598948    81.86108
   769   0.0171847   23.598821    81.87809
   770   0.0171844   23.598693    81.89511
   771   0.0171840   23.598566    81.91212
   772   0.0171836   23.598438    81.92914
   773   0.0171832   23.598311    81.94616
   774   0.0171829   23.598183    81.96317
   775   0.0171825   23.598056    81.98019
   776   0.0171821   23.597928    81.99721
   777   0.0171817   23.597801    82.01422
   778   0.0171814   23.597673    82.03124
   779   0.0171810   23.597545    82.04826
   780   0.0171806   23.597418    82.06528
   781   0.0171802   23.597290    82.08229
   782   0.0171799   23.597163    82.09931
   783   0.0171795   23.597035    82.11633
   784   0.0171791   23.596908    82.13335
   785   0.0171787   23.596780    82.15036
   786   0.0171784   23.596653    82.16738
   787   0.0171780   23.596525    82.18440
   788   0.0171776   23.596398    82.20142
   789   0.0171772   23.596270    82.21843
   790   0.0171768   23.596142    82.23545
   791   0.0171765   23.596015    82.25247
   792   0.0171761   23.595887    82.26949
   793   0.0171757   23.595760    82.28651
   794   0.0171753   23.595632    82.30353
   795   0.0171750   23.595504    82.32054
   796   0.0171746   23.595377    82.33756
   797   0.0171742   23.595249    82.35458
   798   0.0171738   23.595122    82.37160
   799   0.0171735   23.594994    82.38862
   800   0.0171731   23.594866    82.40564
   801   0.0171727   23.594739    82.42266
   802   0.0171723   23.594611    82.43968
   803   0.0171720   23.594484    82.45669
   804   0.0171716   23.594356    82.47371
   805   0.0171712   23.594228    82.49073
   806   0.0171708   23.594101    82.50775
   807   0.0171705   23.593973    82.52477
   808   0.0171701   23.593845    82.54179
   809   0.0171697   23.593718    82.55881
   810   0.0171693   23.593590    82.57583
   811   0.0171689   23.593462    82.59285
   812   0.0171686   23.593335    82.60987
   813   0.0171682   23.593207    82.62689
   814   0.0171678   23.593079    82.64391
   815   0.0171674   23.592952    82.66093
   816   0.0171671   23.592824    82.67795
   817   0.0171667   23.592696    82.69497
   818   0.0171663   23.592569    82.71199
   819   0.0171659   23.592441    82.72902
   820   0.0171656   23.592313    82.74604
   821   0.0171652   23.592186    82.76306
   822   0.0171648   23.592058    82.78008
   823   0.0171644   23.591930    82.79710
   824   0.0171641   23.591803    82.81412
   825   0.0171637   23.591675    82.83114
   826   0.0171633   23.591547    82.84816
   827   0.0171629   23.591419    82.86518
   828   0.0171625   23.591292    82.88221
   829   0.0171622   23.591164    82.89923
   830   0.0171618   23.591036    82.91625
   831   0.0171614   23.590908    82.93327
   832   0.0171610   23.590781    82.95029
   833   0.0171607   23.590653    82.96731
   834   0.0171603   23.590525    82.98434
   835   0.0171599   23.590397    83.00136
   836   0.0171595   23.590270    83.01838
   837   0.0171592   23.590142    83.03540
   838   0.0171588   23.590014    83.05243
   839   0.0171584   23.589886    83.06945
   840   0.0171580   23.589759    83.08647
   841   0.0171576   23.589631    83.10349
   842   0.0171573   23.589503    83.12052
   843   0.0171569   23.589375    83.13754
   844   0.0171565   23.589247    83.15456
   845   0.0171561   23.589120    83.17159
   846   0.0171558   23.588992    83.18861
   847   0.0171554   23.588864    83.20563
   848   0.0171550   23.588736    83.22266
   849   0.0171546   23.588608    83.23968
   850   0.0171543   23.588481    83.25670
   851   0.0171539   23.588353    83.27373
   852   0.0171535   23.588225    83.29075
   853   0.0171531   23.588097    83.30777
   854   0.0171527   23.587969    83.32480
   855   0.0171524   23.587842    83.34182
   856   0.0171520   23.587714    83.35885
   857   0.0171516   23.587586    83.37587
   858   0.0171512   23.587458    83.39290
   859   0.0171509   23.587330    83.40992
   860   0.0171505   23.587202    83.42694
   861   0.0171501   23.587074    83.44397
   862   0.0171497   23.586947    83.46099
   863   0.0171493   23.586819    83.47802
   864   0.0171490   23.586691    83.49504
   865   0.0171486   23.586563    83.51207
   866   0.0171482   23.586435    83.52909
   867   0.0171478   23.586307    83.54612
   868   0.0171475   23.586179    83.56314
   869   0.0171471   23.586051    83.58017
   870   0.0171467   23.585924    83.59719
   871   0.0171463   23.585796    83.61422
   872   0.0171459   23.585668    83.63125
   873   0.0171456   23.585540    83.64827
   874   0.0171452   23.585412    83.66530
   875   0.0171448   23.585284    83.68232
   876   0.0171444   23.585156    83.69935
   877   0.0171441   23.585028    83.71637
   878   0.0171437   23.584900    83.73340
   879   0.0171433   23.584772    83.75043
   880   0.0171429   23.584644    83.76745
   881   0.0171425   23.584517    83.78448
   882   0.0171422   23.584389    83.80151
   883   0.0171418   23.584261    83.81853
   884   0.0171414   23.584133    83.83556
   885   0.0171410   23.584005    83.85259
   886   0.0171406   23.583877    83.86961
   887   0.0171403   23.583749    83.88664
   888   0.0171399   23.583621    83.90367
   889   0.0171395   23.583493    83.92069
   890   0.0171391   23.583365    83.93772
   891   0.0171388   23.583237    83.95475
   892   0.0171384   23.583109    83.97178
   893   0.0171380   23.582981    83.98880
   894   0.0171376   23.582853    84.00583
   895   0.0171372   23.582725    84.02286
   896   0.0171369   23.582597    84.03989
   897   0.0171365   23.582469    84.05692
   898   0.0171361   23.582341    84.07394
   899   0.0171357   23.582213    84.09097
   900   0.0171354   23.582085    84.10800
   901   0.0171350   23.581957    84.12503
   902   0.0171346   23.581829    84.14206
   903   0.0171342   23.581701    84.15908
   904   0.0171338   23.581573    84.17611
   905   0.0171335   23.581445    84.19314
   906   0.0171331   23.581317    84.21017
   907   0.0171327   23.581189    84.22720
   908   0.0171323   23.581061    84.24423
   909   0.0171319   23.580933    84.26126
   910   0.0171316   23.580805    84.27829
   911   0.0171312   23.580677    84.29532
   912   0.0171308   23.580549    84.31235
   913   0.0171304   23.580421    84.32937
   914   0.0171300   23.580293    84.34640
   915   0.0171297   23.580165    84.36343
   916   0.0171293   23.580037    84.38046
   917   0.0171289   23.579908    84.39749
   918   0.0171285   23.579780    84.41452
   919   0.0171282   23.579652    84.43155
   920   0.0171278   23.579524    84.44858
   921   0.0171274   23.579396    84.46561
   922   0.0171270   23.579268    84.48264
   923   0.0171266   23.579140    84.49967
   924   0.0171263   23.579012    84.51670
   925   0.0171259   23.578884    84.53373
   926   0.0171255   23.578756    84.55077
   927   0.0171251   23.578628    84.56780
   928   0.0171247   23.578499    84.58483
   929   0.0171244   23.578371    84.60186
   930   0.0171240   23.578243    84.61889
   931   0.0171236   23.578115    84.63592
   932   0.0171232   23.577987    84.65295
   933   0.0171228   23.577859    84.66998
   934   0.0171225   23.577731    84.68701
   935   0.0171221   23.577603    84.70404
   936   0.0171217   23.577474    84.72108
   937   0.0171213   23.577346    84.73811
   938   0.0171209   23.577218    84.75514
   939   0.0171206   23.577090    84.77217
   940   0.0171202   23.576962    84.78920
   941   0.0171198   23.576834    84.80624
   942   0.0171194   23.576706    84.82327
   943   0.0171190   23.576577    84.84030
   944   0.0171187   23.576449    84.85733
   945   0.0171183   23.576321    84.87436
   946   0.0171179   23.576193    84.89140
   947   0.0171175   23.576065    84.90843
   948   0.0171171   23.575937    84.92546
   949   0.0171168   23.575808    84.94249
   950   0.0171164   23.575680    84.95953
   951   0.0171160   23.575552    84.97656
   952   0.0171156   23.575424    84.99359
   953   0.0171152   23.575296    85.01063
   954   0.0171149   23.575167    85.02766
   955   0.0171145   23.575039    85.04469
   956   0.0171141   23.574911    85.06173
   957   0.0171137   23.574783    85.07876
   958   0.0171133   23.574655    85.09579
   959   0.0171130   23.574526    85.11283
   960   0.0171126   23.574398    85.12986
   961   0.0171122   23.574270    85.14689
   962   0.0171118   23.574142    85.16393
   963   0.0171114   23.574013    85.18096
   964   0.0171111   23.573885    85.19800
   965   0.0171107   23.573757    85.21503
   966   0.0171103   23.573629    85.23207
   967   0.0171099   23.573500    85.24910
   968   0.0171095   23.573372    85.26613
   969   0.0171092   23.573244    85.28317
   970   0.0171088   23.573116    85.30020
   971   0.0171084   23.572987    85.31724
   972   0.0171080   23.572859    85.33427
   973   0.0171076   23.572731    85.35131
   974   0.0171073   23.572603    85.36834
   975   0.0171069   23.572474    85.38538
   976   0.0171065   23.572346    85.40241
   977   0.0171061   23.572218    85.41945
   978   0.0171057   23.572090    85.43648
   979   0.0171054   23.571961    85.45352
   980   0.0171050   23.571833    85.47055
   981   0.0171046   23.571705    85.48759
   982   0.0171042   23.571576    85.50463
   983   0.0171038   23.571448    85.52166
   984   0.0171035   23.571320    85.53870
   985   0.0171031   23.571191    85.55573
   986   0.0171027   23.571063    85.57277
   987   0.0171023   23.570935    85.58981
   988   0.0171019   23.570806    85.60684
   989   0.0171016   23.570678    85.62388
   990   0.0171012   23.570550    85.64092
   991   0.0171008   23.570422    85.65795
   992   0.0171004   23.570293    85.67499
   993   0.0171000   23.570165    85.69203
   994   0.0170996   23.570036    85.70906
   995   0.0170993   23.569908    85.72610
   996   0.0170989   23.569780    85.74314
   997   0.0170985   23.569651    85.76017
   998   0.0170981   23.569523    85.77721
   999   0.0170977   23.569395    85.79425
  1000   0.0170974   23.569266    85.81129
  1001   0.0170970   23.569138    85.82832
  1002   0.0170966   23.569010    85.84536
  1003   0.0170962   23.568881    85.86240
  1004   0.0170958   23.568753    85.87944
  1005   0.0170955   23.568625    85.89648
  1006   0.0170951   23.568496    85.91351
  1007   0.0170947   23.568368    85.93055
  1008   0.0170943   23.568239    85.94759
  1009   0.0170939   23.568111    85.96463
  1010   0.0170935   23.567983    85.98167
  1011   0.0170932   23.567854    85.99870
  1012   0.0170928   23.567726    86.01574
  1013   0.0170924   23.567597    86.03278
  1014   0.0170920   23.567469    86.04982
  1015   0.0170916   23.567341    86.06686
  1016   0.0170913   23.567212    86.08390
  1017   0.0170909   23.567084    86.10094
  1018   0.0170905   23.566955    86.11798
  1019   0.0170901   23.566827    86.13502
  1020   0.0170897   23.566698    86.15205
  1021   0.0170893   23.566570    86.16909
  1022   0.0170890   23.566442    86.18613
  1023   0.0170886   23.566313    86.20317
  1024   0.0170882   23.566185    86.22021
  1025   0.0170878   23.566056    86.23725
  1026   0.0170874   23.565928    86.25429
  1027   0.0170871   23.565799    86.27133
  1028   0.0170867   23.565671    86.28837
  1029   0.0170863   23.565542    86.30541
  1030   0.0170859   23.565414    86.32245
  1031   0.0170855   23.565286    86.33949
  1032   0.0170851   23.565157    86.35653
  1033   0.0170848   23.565029    86.37357
  1034   0.0170844   23.564900    86.39061
  1035   0.0170840   23.564772    86.40766
  1036   0.0170836   23.564643    86.42470
  1037   0.0170832   23.564515    86.44174
  1038   0.0170829   23.564386    86.45878
  1039   0.0170825   23.564258    86.47582
  1040   0.0170821   23.564129    86.49286
  1041   0.0170817   23.564001    86.50990
  1042   0.0170813   23.563872    86.52694
  1043   0.0170809   23.563744    86.54398
  1044   0.0170806   23.563615    86.56103
  1045   0.0170802   23.563487    86.57807
  1046   0.0170798   23.563358    86.59511
  1047   0.0170794   23.563230    86.61215
  1048   0.0170790   23.563101    86.62919
  1049   0.0170787   23.562973    86.64624
  1050   0.0170783   23.562844    86.66328
  1051   0.0170779   23.562716    86.68032
  1052   0.0170775   23.562587    86.69736
  1053   0.0170771   23.562459    86.71440
  1054   0.0170767   23.562330    86.73145
  1055   0.0170764   23.562201    86.74849
  1056   0.0170760   23.562073    86.76553
  1057   0.0170756   23.561944    86.78257
  1058   0.0170752   23.561816    86.79962
  1059   0.0170748   23.561687    86.81666
  1060   0.0170744   23.561559    86.83370
  1061   0.0170741   23.561430    86.85075
  1062   0.0170737   23.561302    86.86779
  1063   0.0170733   23.561173    86.88483
  1064   0.0170729   23.561044    86.90188
  1065   0.0170725   23.560916    86.91892
  1066   0.0170721   23.560787    86.93596
  1067   0.0170718   23.560659    86.95301
  1068   0.0170714   23.560530    86.97005
  1069   0.0170710   23.560401    86.98709
  1070   0.0170706   23.560273    87.00414
  1071   0.0170702   23.560144    87.02118
  1072   0.0170698   23.560016    87.03823
  1073   0.0170695   23.559887    87.05527
  1074   0.0170691   23.559759    87.07232
  1075   0.0170687   23.559630    87.08936
  1076   0.0170683   23.559501    87.10640
  1077   0.0170679   23.559373    87.12345
  1078   0.0170676   23.559244    87.14049
  1079   0.0170672   23.559115    87.15754
  1080   0.0170668   23.558987    87.17458
  1081   0.0170664   23.558858    87.19163
  1082   0.0170660   23.558730    87.20867
  1083   0.0170656   23.558601    87.22572
  1084   0.0170653   23.558472    87.24276
  1085   0.0170649   23.558344    87.25981
  1086   0.0170645   23.558215    87.27685
  1087   0.0170641   23.558086    87.29390
  1088   0.0170637   23.557958    87.31095
  1089   0.0170633   23.557829    87.32799
  1090   0.0170630   23.557700    87.34504
  1091   0.0170626   23.557572    87.36208
  1092   0.0170622   23.557443    87.37913
  1093   0.0170618   23.557314    87.39617
  1094   0.0170614   23.557186    87.41322
  1095   0.0170610   23.557057    87.43027
  1096   0.0170606   23.556928    87.44731
  1097   0.0170603   23.556800    87.46436
  1098   0.0170599   23.556671    87.48141
  1099   0.0170595   23.556542    87.49845
  1100   0.0170591   23.556414    87.51550
  1101   0.0170587   23.556285    87.53255
  1102   0.0170583   23.556156    87.54959
  1103   0.0170580   23.556028    87.56664
  1104   0.0170576   23.555899    87.58369
  1105   0.0170572   23.555770    87.60073
  1106   0.0170568   23.555642    87.61778
  1107   0.0170564   23.555513    87.63483
  1108   0.0170560   23.555384    87.65188
  1109   0.0170557   23.555255    87.66892
  1110   0.0170553   23.555127    87.68597
  1111   0.0170549   23.554998    87.70302
  1112   0.0170545   23.554869    87.72007
  1113   0.0170541   23.554741    87.73712
  1114   0.0170537   23.554612    87.75416
  1115   0.0170534   23.554483    87.77121
  1116   0.0170530   23.554354    87.78826
  1117   0.0170526   23.554226    87.80531
  1118   0.0170522   23.554097    87.82236
  1119   0.0170518   23.553968    87.83941
  1120   0.0170514   23.553839    87.85645
  1121   0.0170511   23.553711    87.87350
  1122   0.0170507   23.553582    87.89055
  1123   0.0170503   23.553453    87.90760
  1124   0.0170499   23.553324    87.92465
  1125   0.0170495   23.553196    87.94170
  1126   0.0170491   23.553067    87.95875
  1127   0.0170487   23.552938    87.97580
  1128   0.0170484   23.552809    87.99285
  1129   0.0170480   23.552681    88.00990
  1130   0.0170476   23.552552    88.02695
  1131   0.0170472   23.552423    88.04399
  1132   0.0170468   23.552294    88.06104
  1133   0.0170464   23.552165    88.07809
  1134   0.0170461   23.552037    88.09514
  1135   0.0170457   23.551908    88.11219
  1136   0.0170453   23.551779    88.12924
  1137   0.0170449   23.551650    88.14629
  1138   0.0170445   23.551522    88.16334
  1139   0.0170441   23.551393    88.18039
  1140   0.0170437   23.551264    88.19745
  1141   0.0170434   23.551135    88.21450
  1142   0.0170430   23.551006    88.23155
  1143   0.0170426   23.550878    88.24860
  1144   0.0170422   23.550749    88.26565
  1145   0.0170418   23.550620    88.28270
  1146   0.0170414   23.550491    88.29975
  1147   0.0170411   23.550362    88.31680
  1148   0.0170407   23.550233    88.33385
  1149   0.0170403   23.550105    88.35090
  1150   0.0170399   23.549976    88.36795
  1151   0.0170395   23.549847    88.38501
  1152   0.0170391   23.549718    88.40206
  1153   0.0170387   23.549589    88.41911
  1154   0.0170384   23.549460    88.43616
  1155   0.0170380   23.549332    88.45321
  1156   0.0170376   23.549203    88.47027
  1157   0.0170372   23.549074    88.48732
  1158   0.0170368   23.548945    88.50437
  1159   0.0170364   23.548816    88.52142
  1160   0.0170360   23.548687    88.53847
  1161   0.0170357   23.548558    88.55553
  1162   0.0170353   23.548430    88.57258
  1163   0.0170349   23.548301    88.58963
  1164   0.0170345   23.548172    88.60668
  1165   0.0170341   23.548043    88.62374
  1166   0.0170337   23.547914    88.64079
  1167   0.0170333   23.547785    88.65784
  1168   0.0170330   23.547656    88.67490
  1169   0.0170326   23.547527    88.69195
  1170   0.0170322   23.547398    88.70900
  1171   0.0170318   23.547270    88.72606
  1172   0.0170314   23.547141    88.74311
  1173   0.0170310   23.547012    88.76016
  1174   0.0170307   23.546883    88.77722
  1175   0.0170303   23.546754    88.79427
  1176   0.0170299   23.546625    88.81132
  1177   0.0170295   23.546496    88.82838
  1178   0.0170291   23.546367    88.84543
  1179   0.0170287   23.546238    88.86249
  1180   0.0170283   23.546109    88.87954
  1181   0.0170280   23.545981    88.89659
  1182   0.0170276   23.545852    88.91365
  1183   0.0170272   23.545723    88.93070
  1184   0.0170268   23.545594    88.94776
  1185   0.0170264   23.545465    88.96481
  1186   0.0170260   23.545336    88.98187
  1187   0.0170256   23.545207    88.99892
  1188   0.0170253   23.545078    89.01598
  1189   0.0170249   23.544949    89.03303
  1190   0.0170245   23.544820    89.05009
  1191   0.0170241   23.544691    89.06714
  1192   0.0170237   23.544562    89.08420
  1193   0.0170233   23.544433    89.10125
  1194   0.0170229   23.544304    89.11831
  1195   0.0170225   23.544175    89.13536
  1196   0.0170222   23.544046    89.15242
  1197   0.0170218   23.543917    89.16947
  1198   0.0170214   23.543788    89.18653
  1199   0.0170210   23.543659    89.20359
  1200   0.0170206   23.543531    89.22064
  1201   0.0170202   23.543402    89.23770
  1202   0.0170198   23.543273    89.25476
  1203   0.0170195   23.543144    89.27181
  1204   0.0170191   23.543015    89.28887
  1205   0.0170187   23.542886    89.30592
  1206   0.0170183   23.542757    89.32298
  1207   0.0170179   23.542628    89.34004
  1208   0.0170175   23.542499    89.35709
  1209   0.0170171   23.542370    89.37415
  1210   0.0170168   23.542241    89.39121
  1211   0.0170164   23.542112    89.40827
  1212   0.0170160   23.541983    89.42532
  1213   0.0170156   23.541854    89.44238
  1214   0.0170152   23.541725    89.45944
  1215   0.0170148   23.541596    89.47649
  1216   0.0170144   23.541467    89.49355
  1217   0.0170140   23.541338    89.51061
  1218   0.0170137   23.541209    89.52767
  1219   0.0170133   23.541080    89.54473
  1220   0.0170129   23.540950    89.56178
  1221   0.0170125   23.540821    89.57884
  1222   0.0170121   23.540692    89.59590
  1223   0.0170117   23.540563    89.61296
  1224   0.0170113   23.540434    89.63002
  1225   0.0170110   23.540305    89.64707
  1226   0.0170106   23.540176    89.66413
  1227   0.0170102   23.540047    89.68119
  1228   0.0170098   23.539918    89.69825
  1229   0.0170094   23.539789    89.71531
  1230   0.0170090   23.539660    89.73237
  1231   0.0170086   23.539531    89.74943
  1232   0.0170082   23.539402    89.76649
  1233   0.0170079   23.539273    89.78354
  1234   0.0170075   23.539144    89.80060
  1235   0.0170071   23.539015    89.81766
  1236   0.0170067   23.538886    89.83472
  1237   0.0170063   23.538757    89.85178
  1238   0.0170059   23.538628    89.86884
  1239   0.0170055   23.538498    89.88590
  1240   0.0170051   23.538369    89.90296
  1241   0.0170048   23.538240    89.92002
  1242   0.0170044   23.538111    89.93708
  1243   0.0170040   23.537982    89.95414
  1244   0.0170036   23.537853    89.97120
  1245   0.0170032   23.537724    89.98826
  1246   0.0170028   23.537595    90.00532
  1247   0.0170024   23.537466    90.02238
  1248   0.0170020   23.537337    90.03944
  1249   0.0170017   23.537208    90.05650
  1250   0.0170013   23.537078    90.07356
  1251   0.0170009   23.536949    90.09062
  1252   0.0170005   23.536820    90.10769
  1253   0.0170001   23.536691    90.12475
  1254   0.0169997   23.536562    90.14181
  1255   0.0169993   23.536433    90.15887
  1256   0.0169989   23.536304    90.17593
  1257   0.0169986   23.536175    90.19299
  1258   0.0169982   23.536046    90.21005
  1259   0.0169978   23.535916    90.22711
  1260   0.0169974   23.535787    90.24418
  1261   0.0169970   23.535658    90.26124
  1262   0.0169966   23.535529    90.27830
  1263   0.0169962   23.535400    90.29536
  1264   0.0169958   23.535271    90.31242
  1265   0.0169955   23.535142    90.32948
  1266   0.0169951   23.535012    90.34655
  1267   0.0169947   23.534883    90.36361
  1268   0.0169943   23.534754    90.38067
  1269   0.0169939   23.534625    90.39773
  1270   0.0169935   23.534496    90.41480
  1271   0.0169931   23.534367    90.43186
  1272   0.0169927   23.534238    90.44892
  1273   0.0169924   23.534108    90.46599
  1274   0.0169920   23.533979    90.48305
  1275   0.0169916   23.533850    90.50011
  1276   0.0169912   23.533721    90.51717
  1277   0.0169908   23.533592    90.53424
  1278   0.0169904   23.533463    90.55130
  1279   0.0169900   23.533333    90.56836
  1280   0.0169896   23.533204    90.58543
  1281   0.0169893   23.533075    90.60249
  1282   0.0169889   23.532946    90.61955
  1283   0.0169885   23.532817    90.63662
  1284   0.0169881   23.532687    90.65368
  1285   0.0169877   23.532558    90.67075
  1286   0.0169873   23.532429    90.68781
  1287   0.0169869   23.532300    90.70487
  1288   0.0169865   23.532171    90.72194
  1289   0.0169861   23.532041    90.73900
  1290   0.0169858   23.531912    90.75607
  1291   0.0169854   23.531783    90.77313
  1292   0.0169850   23.531654    90.79020
  1293   0.0169846   23.531525    90.80726
  1294   0.0169842   23.531395    90.82433
  1295   0.0169838   23.531266    90.84139
  1296   0.0169834   23.531137    90.85846
  1297   0.0169830   23.531008    90.87552
  1298   0.0169826   23.530879    90.89259
  1299   0.0169823   23.530749    90.90965
  1300   0.0169819   23.530620    90.92672
  1301   0.0169815   23.530491    90.94378
  1302   0.0169811   23.530362    90.96085
  1303   0.0169807   23.530232    90.97791
  1304   0.0169803   23.530103    90.99498
  1305   0.0169799   23.529974    91.01205
  1306   0.0169795   23.529845    91.02911
  1307   0.0169791   23.529715    91.04618
  1308   0.0169788   23.529586    91.06324
  1309   0.0169784   23.529457    91.08031
  1310   0.0169780   23.529328    91.09738
  1311   0.0169776   23.529198    91.11444
  1312   0.0169772   23.529069    91.13151
  1313   0.0169768   23.528940    91.14858
  1314   0.0169764   23.528811    91.16564
  1315   0.0169760   23.528681    91.18271
  1316   0.0169756   23.528552    91.19978
  1317   0.0169753   23.528423    91.21684
  1318   0.0169749   23.528294    91.23391
  1319   0.0169745   23.528164    91.25098
  1320   0.0169741   23.528035    91.26804
  1321   0.0169737   23.527906    91.28511
  1322   0.0169733   23.527776    91.30218
  1323   0.0169729   23.527647    91.31925
  1324   0.0169725   23.527518    91.33631
  1325   0.0169721   23.527389    91.35338
  1326   0.0169718   23.527259    91.37045
  1327   0.0169714   23.527130    91.38752
  1328   0.0169710   23.527001    91.40459
  1329   0.0169706   23.526871    91.42165
  1330   0.0169702   23.526742    91.43872
  1331   0.0169698   23.526613    91.45579
  1332   0.0169694   23.526484    91.47286
  1333   0.0169690   23.526354    91.48993
  1334   0.0169686   23.526225    91.50700
  1335   0.0169682   23.526096    91.52406
  1336   0.0169679   23.525966    91.54113
  1337   0.0169675   23.525837    91.55820
  1338   0.0169671   23.525708    91.57527
  1339   0.0169667   23.525578    91.59234
  1340   0.0169663   23.525449    91.60941
  1341   0.0169659   23.525320    91.62648
  1342   0.0169655   23.525190    91.64355
  1343   0.0169651   23.525061    91.66062
  1344   0.0169647   23.524932    91.67769
  1345   0.0169644   23.524802    91.69476
  1346   0.0169640   23.524673    91.71182
  1347   0.0169636   23.524544    91.72889
  1348   0.0169632   23.524414    91.74596
  1349   0.0169628   23.524285    91.76303
  1350   0.0169624   23.524156    91.78010
  1351   0.0169620   23.524026    91.79717
  1352   0.0169616   23.523897    91.81424
  1353   0.0169612   23.523768    91.83132
  1354   0.0169608   23.523638    91.84839
  1355   0.0169605   23.523509    91.86546
  1356   0.0169601   23.523380    91.88253
  1357   0.0169597   23.523250    91.89960
  1358   0.0169593   23.523121    91.91667
  1359   0.0169589   23.522991    91.93374
  1360   0.0169585   23.522862    91.95081
  1361   0.0169581   23.522733    91.96788
  1362   0.0169577   23.522603    91.98495
  1363   0.0169573   23.522474    92.00202
  1364   0.0169569   23.522345    92.01909
  1365   0.0169565   23.522215    92.03617
  1366   0.0169562   23.522086    92.05324
  1367   0.0169558   23.521956    92.07031
  1368   0.0169554   23.521827    92.08738
  1369   0.0169550   23.521698    92.10445
  1370   0.0169546   23.521568    92.12152
  1371   0.0169542   23.521439    92.13860
  1372   0.0169538   23.521310    92.15567
  1373   0.0169534   23.521180    92.17274
  1374   0.0169530   23.521051    92.18981
  1375   0.0169526   23.520921    92.20689
  1376   0.0169523   23.520792    92.22396
  1377   0.0169519   23.520663    92.24103
  1378   0.0169515   23.520533    92.25810
  1379   0.0169511   23.520404    92.27518
  1380   0.0169507   23.520274    92.29225
  1381   0.0169503   23.520145    92.30932
  1382   0.0169499   23.520016    92.32639
  1383   0.0169495   23.519886    92.34347
  1384   0.0169491   23.519757    92.36054
  1385   0.0169487   23.519627    92.37761
  1386   0.0169483   23.519498    92.39469
  1387   0.0169480   23.519368    92.41176
  1388   0.0169476   23.519239    92.42884
  1389   0.0169472   23.519110    92.44591
  1390   0.0169468   23.518980    92.46298
  1391   0.0169464   23.518851    92.48006
  1392   0.0169460   23.518721    92.49713
  1393   0.0169456   23.518592    92.51420
  1394   0.0169452   23.518462    92.53128
  1395   0.0169448   23.518333    92.54835
  1396   0.0169444   23.518204    92.56543
  1397   0.0169440   23.518074    92.58250
  1398   0.0169437   23.517945    92.59958
  1399   0.0169433   23.517815    92.61665
  1400   0.0169429   23.517686    92.63373
  1401   0.0169425   23.517556    92.65080
  1402   0.0169421   23.517427    92.66788
  1403   0.0169417   23.517297    92.68495
  1404   0.0169413   23.517168    92.70203
  1405   0.0169409   23.517038    92.71910
  1406   0.0169405   23.516909    92.73618
  1407   0.0169401   23.516780    92.75325
  1408   0.0169397   23.516650    92.77033
  1409   0.0169393   23.516521    92.78740
  1410   0.0169390   23.516391    92.80448
  1411   0.0169386   23.516262    92.82155
  1412   0.0169382   23.516132    92.83863
  1413   0.0169378   23.516003    92.85571
  1414   0.0169374   23.515873    92.87278
  1415   0.0169370   23.515744    92.88986
  1416   0.0169366   23.515614    92.90693
  1417   0.0169362   23.515485    92.92401
  1418   0.0169358   23.515355    92.94109
  1419   0.0169354   23.515226    92.95816
  1420   0.0169350   23.515096    92.97524
  1421   0.0169346   23.514967    92.99232
  1422   0.0169343   23.514837    93.00939
  1423   0.0169339   23.514708    93.02647
  1424   0.0169335   23.514578    93.04355
  1425   0.0169331   23.514449    93.06062
  1426   0.0169327   23.514319    93.07770
  1427   0.0169323   23.514190    93.09478
  1428   0.0169319   23.514060    93.11186
  1429   0.0169315   23.513931    93.12893
  1430   0.0169311   23.513801    93.14601
  1431   0.0169307   23.513672    93.16309
  1432   0.0169303   23.513542    93.18017
  1433   0.0169299   23.513413    93.19724
  1434   0.0169296   23.513283    93.21432
  1435   0.0169292   23.513154    93.23140
  1436   0.0169288   23.513024    93.24848
  1437   0.0169284   23.512895    93.26556
  1438   0.0169280   23.512765    93.28263
  1439   0.0169276   23.512636    93.29971
  1440   0.0169272   23.512506    93.31679
  1441   0.0169268   23.512377    93.33387
  1442   0.0169264   23.512247    93.35095
  1443   0.0169260   23.512117    93.36803
  1444   0.0169256   23.511988    93.38511
  1445   0.0169252   23.511858    93.40218
  1446   0.0169248   23.511729    93.41926
  1447   0.0169245   23.511599    93.43634
  1448   0.0169241   23.511470    93.45342
  1449   0.0169237   23.511340    93.47050
  1450   0.0169233   23.511211    93.48758
  1451   0.0169229   23.511081    93.50466
  1452   0.0169225   23.510952    93.52174
  1453   0.0169221   23.510822    93.53882
  1454   0.0169217   23.510692    93.55590
  1455   0.0169213   23.510563    93.57298
  1456   0.0169209   23.510433    93.59006
  1457   0.0169205   23.510304    93.60714
  1458   0.0169201   23.510174    93.62422
  1459   0.0169197   23.510045    93.64130
  1460   0.0169194   23.509915    93.65838
  1461   0.0169190   23.509786    93.67546
  1462   0.0169186   23.509656    93.69254
  1463   0.0169182   23.509526    93.70962
  1464   0.0169178   23.509397    93.72670
  1465   0.0169174   23.509267    93.74378
  1466   0.0169170   23.509138    93.76086
  1467   0.0169166   23.509008    93.77794
  1468   0.0169162   23.508879    93.79503
  1469   0.0169158   23.508749    93.81211
  1470   0.0169154   23.508619    93.82919
  1471   0.0169150   23.508490    93.84627
  1472   0.0169146   23.508360    93.86335
  1473   0.0169142   23.508231    93.88043
  1474   0.0169138   23.508101    93.89751
  1475   0.0169135   23.507971    93.91460
  1476   0.0169131   23.507842    93.93168
  1477   0.0169127   23.507712    93.94876
  1478   0.0169123   23.507583    93.96584
  1479   0.0169119   23.507453    93.98292
  1480   0.0169115   23.507323    94.00001
  1481   0.0169111   23.507194    94.01709
  1482   0.0169107   23.507064    94.03417
  1483   0.0169103   23.506935    94.05125
  1484   0.0169099   23.506805    94.06834
  1485   0.0169095   23.506675    94.08542
  1486   0.0169091   23.506546    94.10250
  1487   0.0169087   23.506416    94.11958
  1488   0.0169083   23.506286    94.13667
  1489   0.0169080   23.506157    94.15375
  1490   0.0169076   23.506027    94.17083
  1491   0.0169072   23.505898    94.18792
  1492   0.0169068   23.505768    94.20500
  1493   0.0169064   23.505638    94.22208
  1494   0.0169060   23.505509    94.23917
  1495   0.0169056   23.505379    94.25625
  1496   0.0169052   23.505249    94.27333
  1497   0.0169048   23.505120    94.29042
  1498   0.0169044   23.504990    94.30750
  1499   0.0169040   23.504861    94.32459
  1500   0.0169036   23.504731    94.34167
  1501   0.0169032   23.504601    94.35875
  1502   0.0169028   23.504472    94.37584
  1503   0.0169024   23.504342    94.39292
  1504   0.0169020   23.504212    94.41001
  1505   0.0169017   23.504083    94.42709
  1506   0.0169013   23.503953    94.44418
  1507   0.0169009   23.503823    94.46126
  1508   0.0169005   23.503694    94.47835
  1509   0.0169001   23.503564    94.49543
  1510   0.0168997   23.503434    94.51252
  1511   0.0168993   23.503305    94.52960
  1512   0.0168989   23.503175    94.54669
  1513   0.0168985   23.503045    94.56377
  1514   0.0168981   23.502916    94.58086
  1515   0.0168977   23.502786    94.59794
  1516   0.0168973   23.502657    94.61503
  1517   0.0168969   23.502527    94.63211
  1518   0.0168965   23.502397    94.64920
  1519   0.0168961   23.502268    94.66628
  1520   0.0168957   23.502138    94.68337
  1521   0.0168953   23.502008    94.70046
  1522   0.0168950   23.501878    94.71754
  1523   0.0168946   23.501749    94.73463
  1524   0.0168942   23.501619    94.75172
  1525   0.0168938   23.501489    94.76880
  1526   0.0168934   23.501360    94.78589
  1527   0.0168930   23.501230    94.80298
  1528   0.0168926   23.501100    94.82006
  1529   0.0168922   23.500971    94.83715
  1530   0.0168918   23.500841    94.85424
  1531   0.0168914   23.500711    94.87132
  1532   0.0168910   23.500582    94.88841
  1533   0.0168906   23.500452    94.90550
  1534   0.0168902   23.500322    94.92258
  1535   0.0168898   23.500193    94.93967
  1536   0.0168894   23.500063    94.95676
  1537   0.0168890   23.499933    94.97385
  1538   0.0168886   23.499803    94.99093
  1539   0.0168882   23.499674    95.00802
  1540   0.0168879   23.499544    95.02511
  1541   0.0168875   23.499414    95.04220
  1542   0.0168871   23.499285    95.05929
  1543   0.0168867   23.499155    95.07637
  1544   0.0168863   23.499025    95.09346
  1545   0.0168859   23.498896    95.11055
  1546   0.0168855   23.498766    95.12764
  1547   0.0168851   23.498636    95.14473
  1548   0.0168847   23.498506    95.16182
  1549   0.0168843   23.498377    95.17890
  1550   0.0168839   23.498247    95.19599
  1551   0.0168835   23.498117    95.21308
  1552   0.0168831   23.497987    95.23017
  1553   0.0168827   23.497858    95.24726
  1554   0.0168823   23.497728    95.26435
  1555   0.0168819   23.497598    95.28144
  1556   0.0168815   23.497469    95.29853
  1557   0.0168811   23.497339    95.31562
  1558   0.0168807   23.497209    95.33271
  1559   0.0168803   23.497079    95.34980
  1560   0.0168800   23.496950    95.36689
  1561   0.0168796   23.496820    95.38398
  1562   0.0168792   23.496690    95.40107
  1563   0.0168788   23.496560    95.41816
  1564   0.0168784   23.496431    95.43525
  1565   0.0168780   23.496301    95.45234
  1566   0.0168776   23.496171    95.46943
  1567   0.0168772   23.496041    95.48652
  1568   0.0168768   23.495912    95.50361
  1569   0.0168764   23.495782    95.52070
  1570   0.0168760   23.495652    95.53779
  1571   0.0168756   23.495522    95.55488
  1572   0.0168752   23.495393    95.57197
  1573   0.0168748   23.495263    95.58906
  1574   0.0168744   23.495133    95.60615
  1575   0.0168740   23.495003    95.62324
  1576   0.0168736   23.494874    95.64033
  1577   0.0168732   23.494744    95.65743
  1578   0.0168728   23.494614    95.67452
  1579   0.0168724   23.494484    95.69161
  1580   0.0168720   23.494355    95.70870
  1581   0.0168716   23.494225    95.72579
  1582   0.0168713   23.494095    95.74288
  1583   0.0168709   23.493965    95.75998
  1584   0.0168705   23.493836    95.77707
  1585   0.0168701   23.493706    95.79416
  1586   0.0168697   23.493576    95.81125
  1587   0.0168693   23.493446    95.82834
  1588   0.0168689   23.493316    95.84544
  1589   0.0168685   23.493187    95.86253
  1590   0.0168681   23.493057    95.87962
  1591   0.0168677   23.492927    95.89671
  1592   0.0168673   23.492797    95.91381
  1593   0.0168669   23.492668    95.93090
  1594   0.0168665   23.492538    95.94799
  1595   0.0168661   23.492408    95.96509
  1596   0.0168657   23.492278    95.98218
  1597   0.0168653   23.492148    95.99927
  1598   0.0168649   23.492019    96.01636
  1599   0.0168645   23.491889    96.03346
  1600   0.0168641   23.491759    96.05055
  1601   0.0168637   23.491629    96.06765
  1602   0.0168633   23.491499    96.08474
  1603   0.0168629   23.491370    96.10183
  1604   0.0168625   23.491240    96.11893
  1605   0.0168621   23.491110    96.13602
  1606   0.0168617   23.490980    96.15311
  1607   0.0168613   23.490850    96.17021
  1608   0.0168610   23.490721    96.18730
  1609   0.0168606   23.490591    96.20440
  1610   0.0168602   23.490461    96.22149
  1611   0.0168598   23.490331    96.23859
  1612   0.0168594   23.490201    96.25568
  1613   0.0168590   23.490072    96.27278
  1614   0.0168586   23.489942    96.28987
  1615   0.0168582   23.489812    96.30696
  1616   0.0168578   23.489682    96.32406
  1617   0.0168574   23.489552    96.34115
  1618   0.0168570   23.489423    96.35825
  1619   0.0168566   23.489293    96.37535
  1620   0.0168562   23.489163    96.39244
  1621   0.0168558   23.489033    96.40954
  1622   0.0168554   23.488903    96.42663
  1623   0.0168550   23.488773    96.44373
  1624   0.0168546   23.488644    96.46082
  1625   0.0168542   23.488514    96.47792
  1626   0.0168538   23.488384    96.49501
  1627   0.0168534   23.488254    96.51211
  1628   0.0168530   23.488124    96.52921
  1629   0.0168526   23.487994    96.54630
  1630   0.0168522   23.487865    96.56340
  1631   0.0168518   23.487735    96.58050
  1632   0.0168514   23.487605    96.59759
  1633   0.0168510   23.487475    96.61469
  1634   0.0168506   23.487345    96.63179
  1635   0.0168502   23.487215    96.64888
  1636   0.0168498   23.487086    96.66598
  1637   0.0168494   23.486956    96.68308
  1638   0.0168490   23.486826    96.70017
  1639   0.0168487   23.486696    96.71727
  1640   0.0168483   23.486566    96.73437
  1641   0.0168479   23.486436    96.75146
  1642   0.0168475   23.486307    96.76856
  1643   0.0168471   23.486177    96.78566
  1644   0.0168467   23.486047    96.80276
  1645   0.0168463   23.485917    96.81985
  1646   0.0168459   23.485787    96.83695
  1647   0.0168455   23.485657    96.85405
  1648   0.0168451   23.485527    96.87115
  1649   0.0168447   23.485398    96.88825
  1650   0.0168443   23.485268    96.90534
  1651   0.0168439   23.485138    96.92244
  1652   0.0168435   23.485008    96.93954
  1653   0.0168431   23.484878    96.95664
  1654   0.0168427   23.484748    96.97374
  1655   0.0168423   23.484618    96.99084
  1656   0.0168419   23.484489    97.00794
  1657   0.0168415   23.484359    97.02503
  1658   0.0168411   23.484229    97.04213
  1659   0.0168407   23.484099    97.05923
  1660   0.0168403   23.483969    97.07633
  1661   0.0168399   23.483839    97.09343
  1662   0.0168395   23.483709    97.11053
  1663   0.0168391   23.483579    97.12763
  1664   0.0168387   23.483450    97.14473
  1665   0.0168383   23.483320    97.16183
  1666   0.0168379   23.483190    97.17893
  1667   0.0168375   23.483060    97.19603
  1668   0.0168371   23.482930    97.21313
  1669   0.0168367   23.482800    97.23023
  1670   0.0168363   23.482670    97.24733
  1671   0.0168359   23.482540    97.26443
  1672   0.0168355   23.482411    97.28153
  1673   0.0168351   23.482281    97.29863
  1674   0.0168347   23.482151    97.31573
  1675   0.0168343   23.482021    97.33283
  1676   0.0168339   23.481891    97.34993
  1677   0.0168335   23.481761    97.36703
  1678   0.0168331   23.481631    97.38413
  1679   0.0168327   23.481501    97.40123
  1680   0.0168323   23.481371    97.41833
  1681   0.0168319   23.481242    97.43543
  1682   0.0168315   23.481112    97.45254
  1683   0.0168312   23.480982    97.46964
  1684   0.0168308   23.480852    97.48674
  1685   0.0168304   23.480722    97.50384
  1686   0.0168300   23.480592    97.52094
  1687   0.0168296   23.480462    97.53804
  1688   0.0168292   23.480332    97.55514
  1689   0.0168288   23.480202    97.57225
  1690   0.0168284   23.480072    97.58935
  1691   0.0168280   23.479943    97.60645
  1692   0.0168276   23.479813    97.62355
  1693   0.0168272   23.479683    97.64066
  1694   0.0168268   23.479553    97.65776
  1695   0.0168264   23.479423    97.67486
  1696   0.0168260   23.479293    97.69196
  1697   0.0168256   23.479163    97.70906
  1698   0.0168252   23.479033    97.72617
  1699   0.0168248   23.478903    97.74327
  1700   0.0168244   23.478773    97.76037
  1701   0.0168240   23.478643    97.77748
  1702   0.0168236   23.478514    97.79458
  1703   0.0168232   23.478384    97.81168
  1704   0.0168228   23.478254    97.82879
  1705   0.0168224   23.478124    97.84589
  1706   0.0168220   23.477994    97.86299
  1707   0.0168216   23.477864    97.88010
  1708   0.0168212   23.477734    97.89720
  1709   0.0168208   23.477604    97.91430
  1710   0.0168204   23.477474    97.93141
  1711   0.0168200   23.477344    97.94851
  1712   0.0168196   23.477214    97.96562
  1713   0.0168192   23.477084    97.98272
  1714   0.0168188   23.476955    97.99982
  1715   0.0168184   23.476825    98.01693
  1716   0.0168180   23.476695    98.03403
  1717   0.0168176   23.476565    98.05114
  1718   0.0168172   23.476435    98.06824
  1719   0.0168168   23.476305    98.08535
  1720   0.0168164   23.476175    98.10245
  1721   0.0168160   23.476045    98.11956
  1722   0.0168156   23.475915    98.13666
  1723   0.0168152   23.475785    98.15377
  1724   0.0168148   23.475655    98.17087
  1725   0.0168144   23.475525    98.18798
  1726   0.0168140   23.475395    98.20508
  1727   0.0168136   23.475265    98.22219
  1728   0.0168132   23.475135    98.23929
  1729   0.0168128   23.475005    98.25640
  1730   0.0168124   23.474876    98.27350
  1731   0.0168120   23.474746    98.29061
  1732   0.0168116   23.474616    98.30771
  1733   0.0168112   23.474486    98.32482
  1734   0.0168108   23.474356    98.34193
  1735   0.0168104   23.474226    98.35903
  1736   0.0168100   23.474096    98.37614
  1737   0.0168096   23.473966    98.39325
  1738   0.0168092   23.473836    98.41035
  1739   0.0168088   23.473706    98.42746
  1740   0.0168084   23.473576    98.44457
  1741   0.0168080   23.473446    98.46167
  1742   0.0168076   23.473316    98.47878
  1743   0.0168072   23.473186    98.49589
  1744   0.0168068   23.473056    98.51299
  1745   0.0168064   23.472926    98.53010
  1746   0.0168060   23.472796    98.54721
  1747   0.0168056   23.472666    98.56431
  1748   0.0168052   23.472536    98.58142
  1749   0.0168048   23.472406    98.59853
  1750   0.0168044   23.472276    98.61564
  1751   0.0168040   23.472147    98.63274
  1752   0.0168036   23.472017    98.64985
  1753   0.0168032   23.471887    98.66696
  1754   0.0168028   23.471757    98.68407
  1755   0.0168024   23.471627    98.70118
  1756   0.0168020   23.471497    98.71828
  1757   0.0168016   23.471367    98.73539
  1758   0.0168012   23.471237    98.75250
  1759   0.0168008   23.471107    98.76961
  1760   0.0168004   23.470977    98.78672
  1761   0.0168000   23.470847    98.80383
  1762   0.0167996   23.470717    98.82094
  1763   0.0167992   23.470587    98.83804
  1764   0.0167988   23.470457    98.85515
  1765   0.0167984   23.470327    98.87226
  1766   0.0167980   23.470197    98.88937
  1767   0.0167976   23.470067    98.90648
  1768   0.0167972   23.469937    98.92359
  1769   0.0167968   23.469807    98.94070
  1770   0.0167964   23.469677    98.95781
  1771   0.0167960   23.469547    98.97492
  1772   0.0167956   23.469417    98.99203
  1773   0.0167952   23.469287    99.00914
  1774   0.0167948   23.469157    99.02625
  1775   0.0167944   23.469027    99.04336
  1776   0.0167940   23.468897    99.06047
  1777   0.0167936   23.468767    99.07758
  1778   0.0167932   23.468637    99.09469
  1779   0.0167928   23.468507    99.11180
  1780   0.0167924   23.468377    99.12891
  1781   0.0167920   23.468247    99.14602
  1782   0.0167916   23.468117    99.16313
  1783   0.0167912   23.467987    99.18024
  1784   0.0167908   23.467857    99.19735
  1785   0.0167904   23.467727    99.21446
  1786   0.0167900   23.467597    99.23157
  1787   0.0167896   23.467467    99.24868
  1788   0.0167892   23.467337    99.26580
  1789   0.0167888   23.467207    99.28291
  1790   0.0167884   23.467077    99.30002
  1791   0.0167880   23.466947    99.31713
  1792   0.0167876   23.466817    99.33424
  1793   0.0167872   23.466687    99.35135
  1794   0.0167868   23.466557    99.36846
  1795   0.0167864   23.466427    99.38558
  1796   0.0167860   23.466297    99.40269
  1797   0.0167856   23.466167    99.41980
  1798   0.0167852   23.466037    99.43691
  1799   0.0167848   23.465907    99.45402
  1800   0.0167844   23.465777    99.47114
  1801   0.0167840   23.465647    99.48825
  1802   0.0167836   23.465517    99.50536
  1803   0.0167832   23.465387    99.52247
  1804   0.0167828   23.465257    99.53959
  1805   0.0167824   23.465127    99.55670
  1806   0.0167820   23.464997    99.57381
  1807   0.0167816   23.464867    99.59093
  1808   0.0167812   23.464737    99.60804
  1809   0.0167808   23.464607    99.62515
  1810   0.0167804   23.464477    99.64226
  1811   0.0167800   23.464347    99.65938
  1812   0.0167796   23.464217    99.67649
  1813   0.0167792   23.464087    99.69360
  1814   0.0167788   23.463957    99.71072
  1815   0.0167784   23.463827    99.72783
  1816   0.0167780   23.463697    99.74495
  1817   0.0167776   23.463567    99.76206
  1818   0.0167772   23.463437    99.77917
  1819   0.0167768   23.463307    99.79629
  1820   0.0167764   23.463177    99.81340
  1821   0.0167760   23.463047    99.83052
  1822   0.0167756   23.462917    99.84763
  1823   0.0167752   23.462787    99.86475
  1824   0.0167747   23.462657    99.88186
  1825   0.0167743   23.462527    99.89897
  1826   0.0167739   23.462397    99.91609
  1827   0.0167735   23.462267    99.93320
  1828   0.0167731   23.462137    99.95032
  1829   0.0167727   23.462007    99.96743
  1830   0.0167723   23.461877    99.98455
  1831   0.0167719   23.461747   100.00166
  1832   0.0167715   23.461617   100.01878
  1833   0.0167711   23.461487   100.03590
  1834   0.0167707   23.461357   100.05301
  1835   0.0167703   23.461227   100.07013
  1836   0.0167699   23.461097   100.08724
  1837   0.0167695   23.460967   100.10436
  1838   0.0167691   23.460837   100.12147
  1839   0.0167687   23.460707   100.13859
  1840   0.0167683   23.460577   100.15571
  1841   0.0167679   23.460447   100.17282
  1842   0.0167675   23.460317   100.18994
  1843   0.0167671   23.460187   100.20705
  1844   0.0167667   23.460057   100.22417
  1845   0.0167663   23.459927   100.24129
  1846   0.0167659   23.459797   100.25840
  1847   0.0167655   23.459667   100.27552
  1848   0.0167651   23.459537   100.29264
  1849   0.0167647   23.459407   100.30975
  1850   0.0167643   23.459277   100.32687
  1851   0.0167639   23.459147   100.34399
  1852   0.0167635   23.459016   100.36111
  1853   0.0167631   23.458886   100.37822
  1854   0.0167627   23.458756   100.39534
  1855   0.0167623   23.458626   100.41246
  1856   0.0167619   23.458496   100.42958
  1857   0.0167615   23.458366   100.44669
  1858   0.0167611   23.458236   100.46381
  1859   0.0167607   23.458106   100.48093
  1860   0.0167603   23.457976   100.49805
  1861   0.0167599   23.457846   100.51516
  1862   0.0167595   23.457716   100.53228
  1863   0.0167591   23.457586   100.54940
  1864   0.0167587   23.457456   100.56652
  1865   0.0167583   23.457326   100.58364
  1866   0.0167579   23.457196   100.60076
  1867   0.0167575   23.457066   100.61788
  1868   0.0167570   23.456936   100.63499
  1869   0.0167566   23.456806   100.65211
  1870   0.0167562   23.456676   100.66923
  1871   0.0167558   23.456546   100.68635
  1872   0.0167554   23.456416   100.70347
  1873   0.0167550   23.456286   100.72059
  1874   0.0167546   23.456156   100.73771
  1875   0.0167542   23.456026   100.75483
  1876   0.0167538   23.455896   100.77195
  1877   0.0167534   23.455766   100.78907
  1878   0.0167530   23.455635   100.80619
  1879   0.0167526   23.455505   100.82331
  1880   0.0167522   23.455375   100.84043
  1881   0.0167518   23.455245   100.85755
  1882   0.0167514   23.455115   100.87467
  1883   0.0167510   23.454985   100.89179
  1884   0.0167506   23.454855   100.90891
  1885   0.0167502   23.454725   100.92603
  1886   0.0167498   23.454595   100.94315
  1887   0.0167494   23.454465   100.96027
  1888   0.0167490   23.454335   100.97739
  1889   0.0167486   23.454205   100.99451
  1890   0.0167482   23.454075   101.01163
  1891   0.0167478   23.453945   101.02875
  1892   0.0167474   23.453815   101.04587
  1893   0.0167470   23.453685   101.06299
  1894   0.0167466   23.453555   101.08011
  1895   0.0167462   23.453425   101.09723
  1896   0.0167458   23.453295   101.11436
  1897   0.0167454   23.453165   101.13148
  1898   0.0167450   23.453034   101.14860
  1899   0.0167445   23.452904   101.16572
  1900   0.0167441   23.452774   101.18284
  1901   0.0167437   23.452644   101.19996
  1902   0.0167433   23.452514   101.21709
  1903   0.0167429   23.452384   101.23421
  1904   0.0167425   23.452254   101.25133
  1905   0.0167421   23.452124   101.26845
  1906   0.0167417   23.451994   101.28557
  1907   0.0167413   23.451864   101.30270
  1908   0.0167409   23.451734   101.31982
  1909   0.0167405   23.451604   101.33694
  1910   0.0167401   23.451474   101.35406
  1911   0.0167397   23.451344   101.37119
  1912   0.0167393   23.451214   101.38831
  1913   0.0167389   23.451084   101.40543
  1914   0.0167385   23.450954   101.42256
  1915   0.0167381   23.450824   101.43968
  1916   0.0167377   23.450693   101.45680
  1917   0.0167373   23.450563   101.47393
  1918   0.0167369   23.450433   101.49105
  1919   0.0167365   23.450303   101.50817
  1920   0.0167361   23.450173   101.52530
  1921   0.0167357   23.450043   101.54242
  1922   0.0167353   23.449913   101.55954
  1923   0.0167349   23.449783   101.57667
  1924   0.0167345   23.449653   101.59379
  1925   0.0167340   23.449523   101.61092
  1926   0.0167336   23.449393   101.62804
  1927   0.0167332   23.449263   101.64516
  1928   0.0167328   23.449133   101.66229
  1929   0.0167324   23.449003   101.67941
  1930   0.0167320   23.448873   101.69654
  1931   0.0167316   23.448743   101.71366
  1932   0.0167312   23.448612   101.73079
  1933   0.0167308   23.448482   101.74791
  1934   0.0167304   23.448352   101.76504
  1935   0.0167300   23.448222   101.78216
  1936   0.0167296   23.448092   101.79929
  1937   0.0167292   23.447962   101.81641
  1938   0.0167288   23.447832   101.83354
  1939   0.0167284   23.447702   101.85066
  1940   0.0167280   23.447572   101.86779
  1941   0.0167276   23.447442   101.88491
  1942   0.0167272   23.447312   101.90204
  1943   0.0167268   23.447182   101.91917
  1944   0.0167264   23.447052   101.93629
  1945   0.0167260   23.446922   101.95342
  1946   0.0167256   23.446792   101.97054
  1947   0.0167251   23.446661   101.98767
  1948   0.0167247   23.446531   102.00480
  1949   0.0167243   23.446401   102.02192
  1950   0.0167239   23.446271   102.03905
  1951   0.0167235   23.446141   102.05618
  1952   0.0167231   23.446011   102.07330
  1953   0.0167227   23.445881   102.09043
  1954   0.0167223   23.445751   102.10756
  1955   0.0167219   23.445621   102.12468
  1956   0.0167215   23.445491   102.14181
  1957   0.0167211   23.445361   102.15894
  1958   0.0167207   23.445231   102.17606
  1959   0.0167203   23.445101   102.19319
  1960   0.0167199   23.444971   102.21032
  1961   0.0167195   23.444841   102.22745
  1962   0.0167191   23.444710   102.24457
  1963   0.0167187   23.444580   102.26170
  1964   0.0167183   23.444450   102.27883
  1965   0.0167179   23.444320   102.29596
  1966   0.0167175   23.444190   102.31309
  1967   0.0167170   23.444060   102.33021
  1968   0.0167166   23.443930   102.34734
  1969   0.0167162   23.443800   102.36447
  1970   0.0167158   23.443670   102.38160
  1971   0.0167154   23.443540   102.39873
  1972   0.0167150   23.443410   102.41586
  1973   0.0167146   23.443280   102.43298
  1974   0.0167142   23.443150   102.45011
  1975   0.0167138   23.443020   102.46724
  1976   0.0167134   23.442889   102.48437
  1977   0.0167130   23.442759   102.50150
  1978   0.0167126   23.442629   102.51863
  1979   0.0167122   23.442499   102.53576
  1980   0.0167118   23.442369   102.55289
  1981   0.0167114   23.442239   102.57002
  1982   0.0167110   23.442109   102.58715
  1983   0.0167106   23.441979   102.60428
  1984   0.0167102   23.441849   102.62141
  1985   0.0167097   23.441719   102.63854
  1986   0.0167093   23.441589   102.65566
  1987   0.0167089   23.441459   102.67279
  1988   0.0167085   23.441329   102.68992
  1989   0.0167081   23.441199   102.70706
  1990   0.0167077   23.441068   102.72419
  1991   0.0167073   23.440938   102.74132
  1992   0.0167069   23.440808   102.75845
  1993   0.0167065   23.440678   102.77558
  1994   0.0167061   23.440548   102.79271
  1995   0.0167057   23.440418   102.80984
  1996   0.0167053   23.440288   102.82697
  1997   0.0167049   23.440158   102.84410
  1998   0.0167045   23.440028   102.86123
  1999   0.0167041   23.439898   102.87836
  2000   0.0167037   23.439768   102.89549
  2001   0.0167033   23.439638   102.91262
  2002   0.0167028   23.439508   102.92976
  2003   0.0167024   23.439377   102.94689
  2004   0.0167020   23.439247   102.96402
  2005   0.0167016   23.439117   102.98115
  2006   0.0167012   23.438987   102.99828
  2007   0.0167008   23.438857   103.01541
  2008   0.0167004   23.438727   103.03255
  2009   0.0167000   23.438597   103.04968
  2010   0.0166996   23.438467   103.06681
  2011   0.0166992   23.438337   103.08394
  2012   0.0166988   23.438207   103.10107
  2013   0.0166984   23.438077   103.11821
  2014   0.0166980   23.437947   103.13534
  2015   0.0166976   23.437817   103.15247
  2016   0.0166972   23.437687   103.16960
  2017   0.0166968   23.437556   103.18674
  2018   0.0166963   23.437426   103.20387
  2019   0.0166959   23.437296   103.22100
  2020   0.0166955   23.437166   103.23814
  2021   0.0166951   23.437036   103.25527
  2022   0.0166947   23.436906   103.27240
  2023   0.0166943   23.436776   103.28954
  2024   0.0166939   23.436646   103.30667
  2025   0.0166935   23.436516   103.32380
  2026   0.0166931   23.436386   103.34094
  2027   0.0166927   23.436256   103.35807
  2028   0.0166923   23.436126   103.37520
  2029   0.0166919   23.435996   103.39234
  2030   0.0166915   23.435866   103.40947
  2031   0.0166911   23.435735   103.42661
  2032   0.0166907   23.435605   103.44374
  2033   0.0166902   23.435475   103.46088
  2034   0.0166898   23.435345   103.47801
  2035   0.0166894   23.435215   103.49514
  2036   0.0166890   23.435085   103.51228
  2037   0.0166886   23.434955   103.52941
  2038   0.0166882   23.434825   103.54655
  2039   0.0166878   23.434695   103.56368
  2040   0.0166874   23.434565   103.58082
  2041   0.0166870   23.434435   103.59795
  2042   0.0166866   23.434305   103.61509
  2043   0.0166862   23.434175   103.63222
  2044   0.0166858   23.434045   103.64936
  2045   0.0166854   23.433914   103.66649
  2046   0.0166850   23.433784   103.68363
  2047   0.0166845   23.433654   103.70077
  2048   0.0166841   23.433524   103.71790
  2049   0.0166837   23.433394   103.73504
  2050   0.0166833   23.433264   103.75217
  2051   0.0166829   23.433134   103.76931
  2052   0.0166825   23.433004   103.78644
  2053   0.0166821   23.432874   103.80358
  2054   0.0166817   23.432744   103.82072
  2055   0.0166813   23.432614   103.83785
  2056   0.0166809   23.432484   103.85499
  2057   0.0166805   23.432354   103.87213
  2058   0.0166801   23.432224   103.88926
  2059   0.0166797   23.432093   103.90640
  2060   0.0166793   23.431963   103.92354
  2061   0.0166788   23.431833   103.94067
  2062   0.0166784   23.431703   103.95781
  2063   0.0166780   23.431573   103.97495
  2064   0.0166776   23.431443   103.99209
  2065   0.0166772   23.431313   104.00922
  2066   0.0166768   23.431183   104.02636
  2067   0.0166764   23.431053   104.04350
  2068   0.0166760   23.430923   104.06064
  2069   0.0166756   23.430793   104.07777
  2070   0.0166752   23.430663   104.09491
  2071   0.0166748   23.430533   104.11205
  2072   0.0166744   23.430403   104.12919
  2073   0.0166740   23.430272   104.14632
  2074   0.0166735   23.430142   104.16346
  2075   0.0166731   23.430012   104.18060
  2076   0.0166727   23.429882   104.19774
  2077   0.0166723   23.429752   104.21488
  2078   0.0166719   23.429622   104.23202
  2079   0.0166715   23.429492   104.24916
  2080   0.0166711   23.429362   104.26629
  2081   0.0166707   23.429232   104.28343
  2082   0.0166703   23.429102   104.30057
  2083   0.0166699   23.428972   104.31771
  2084   0.0166695   23.428842   104.33485
  2085   0.0166691   23.428712   104.35199
  2086   0.0166686   23.428582   104.36913
  2087   0.0166682   23.428452   104.38627
  2088   0.0166678   23.428322   104.40341
  2089   0.0166674   23.428191   104.42055
  2090   0.0166670   23.428061   104.43769
  2091   0.0166666   23.427931   104.45483
  2092   0.0166662   23.427801   104.47197
  2093   0.0166658   23.427671   104.48911
  2094   0.0166654   23.427541   104.50625
  2095   0.0166650   23.427411   104.52339
  2096   0.0166646   23.427281   104.54053
  2097   0.0166642   23.427151   104.55767
  2098   0.0166637   23.427021   104.57481
  2099   0.0166633   23.426891   104.59195
  2100   0.0166629   23.426761   104.60909
  
