 Steinhilber et al TSI (scaled to WLS over 1967-2007)
 year (CE)
 TSI W/m2
 year  Steinhilber_et_al
         850   1365.8411859764342     
         851   1365.7174696947468     
         852   1365.6320813708080     
         853   1365.5726945953854     
         854   1365.5541494733031     
         855   1365.7697228051888     
         856   1366.0273734456334     
         857   1366.1757669488220     
         858   1366.3315986751115     
         859   1366.2318841229260     
         860   1366.0975226520723     
         861   1366.0076719964857     
         862   1365.8430188957216     
         863   1365.7284277364226     
         864   1365.6247369493901     
         865   1365.6546657475710     
         866   1365.8746872381394     
         867   1366.1632960981790     
         868   1366.3077397688908     
         869   1366.4618015736421     
         870   1366.3271217890281     
         871   1366.1547140328598     
         872   1366.0311312071799     
         873   1365.8146451362416     
         874   1365.6544791314172     
         875   1365.5278262048594     
         876   1365.6635041304689     
         877   1365.8085172640010     
         878   1365.9874701299511     
         879   1366.0758009237359     
         880   1366.1688450519480     
         881   1366.0478370402980     
         882   1365.8960334260876     
         883   1365.7733479831181     
         884   1365.5959860950718     
         885   1365.4508634926799     
         886   1365.3333753800539     
         887   1365.5114390333986     
         888   1365.5486595321991     
         889   1365.6037795197681     
         890   1365.6279096434607     
         891   1365.6480334578252     
         892   1365.5768863758894     
         893   1365.5072679029372     
         894   1365.4595111403414     
         895   1365.3794811329922     
         896   1365.3266579127021     
         897   1365.2710183581771     
         898   1365.3358582248477     
         899   1365.3855745451299     
         900   1365.4358665356542     
         901   1365.4719402208834     
         902   1365.5015551969784     
         903   1365.4972440015245     
         904   1365.4879275995511     
         905   1365.4756195283103     
         906   1365.4601516124071     
         907   1365.4548500933331     
         908   1365.4537929457742     
         909   1365.3774070476502     
         910   1365.5104678439811     
         911   1365.6836344932913     
         912   1365.7778586810898     
         913   1365.8921638925706     
         914   1365.8429569998311     
         915   1365.7895017419139     
         916   1365.7459971603928     
         917   1365.6750303339668     
         918   1365.6230042783166     
         919   1365.5930607121816     
         920   1365.5190849390199     
         921   1365.7416022510699     
         922   1366.0053831140651     
         923   1366.1517703463135     
         924   1366.3153233127953     
         925   1366.2174794146631     
         926   1366.0953737294737     
         927   1366.0072395951490     
         928   1365.8453156156568     
         929   1365.7326713120485     
         930   1365.6506007924565     
         931   1365.6549238847047     
         932   1365.8971694546144     
         933   1366.1912574244518     
         934   1366.3437261789252     
         935   1366.5269030229074     
         936   1366.3847406220791     
         937   1366.2133097232536     
         938   1366.0828608125271     
         939   1365.8754582565016     
         940   1365.7175048289143     
         941   1365.5943708325938     
         942   1365.6747948161378     
         943   1365.9009283463768     
         944   1366.1872767613154     
         945   1366.3257329739079     
         946   1366.4943522982749     
         947   1366.3559312055536     
         948   1366.1890118780568     
         949   1366.0619960098534     
         950   1365.8700516963715     
         951   1365.7259919801659     
         952   1365.6060985187266     
         953   1365.6649238847046     
         954   1365.8971694546144     
         955   1366.2012574244518     
         956   1366.3537261789252     
         957   1366.5269030229074     
         958   1366.3847406220791     
         959   1366.2133097232536     
         960   1366.0728608125271     
         961   1365.8654582565016     
         962   1365.7175048289143     
         963   1365.5843708325938     
         964   1365.6842785418703     
         965   1365.8759639134264     
         966   1366.1113541087698     
         967   1366.2337601538393     
         968   1366.3641493997443     
         969   1366.2106935394515     
         970   1366.0418204972693     
         971   1365.8985367991593     
         972   1365.6984254558515     
         973   1365.5399405851713     
         974   1365.4030092632574     
         975   1365.5874070476502     
         976   1365.6704678439812     
         977   1365.7836344932914     
         978   1365.8278586810898     
         979   1365.8921638925706     
         980   1365.7929569998312     
         981   1365.6895017419138     
         982   1365.5959971603927     
         983   1365.4850303339667     
         984   1365.4030042783165     
         985   1365.3230607121816     
         986   1365.4115681019657     
         987   1365.4749006404368     
         988   1365.5677601829045     
         989   1365.6259028484778     
         990   1365.6805841824580     
         991   1365.6456957924149     
         992   1365.5915657481339     
         993   1365.5603759430148     
         994   1365.5148876931221     
         995   1365.4781707614504     
         996   1365.4592906720443     
         997   1365.4274070476501     
         998   1365.5504678439811     
         999   1365.7036344932915     
        1000   1365.7978586810898     
        1001   1365.8921638925706     
        1002   1365.8329569998311     
        1003   1365.7495017419139     
        1004   1365.6859971603928     
        1005   1365.5950303339669     
        1006   1365.5230042783166     
        1007   1365.4630607121817     
        1008   1365.5071489105167     
        1009   1365.5979856275060     
        1010   1365.7056731670186     
        1011   1365.7618722710554     
        1012   1365.8270624433048     
        1013   1365.7353381667797     
        1014   1365.6409060515200     
        1015   1365.5542675550457     
        1016   1365.4442172137069     
        1017   1365.3499785808194     
        1018   1365.2765160844474     
        1019   1365.4054710191472     
        1020   1365.4068512204171     
        1021   1365.4039245462450     
        1022   1365.3979606058315     
        1023   1365.4039030230801     
        1024   1365.3808157519477     
        1025   1365.3450340639602     
        1026   1365.3230251202897     
        1027   1365.2939319320171     
        1028   1365.2903115470874     
        1029   1365.2889760041724     
        1030   1365.2857291562807     
        1031   1365.3293334368923     
        1032   1365.3818858725176     
        1033   1365.4239470158661     
        1034   1365.4690044723459     
        1035   1365.4784345849989     
        1036   1365.4736297543541     
        1037   1365.4747547256368     
        1038   1365.4647450522771     
        1039   1365.4633372445846     
        1040   1365.4755206319069     
        1041   1365.3872779790834     
        1042   1365.5142267357435     
        1043   1365.6696538301549     
        1044   1365.7598654760725     
        1045   1365.8596131679378     
        1046   1365.8141475833056     
        1047   1365.7552038967171     
        1048   1365.7051323577193     
        1049   1365.6196237738370     
        1050   1365.5614914295679     
        1051   1365.5147883983145     
        1052   1365.5029878562013     
        1053   1365.6535528310503     
        1054   1365.8315474774054     
        1055   1365.9338281036671     
        1056   1366.0386421534174     
        1057   1365.9625993741959     
        1058   1365.8588420453000     
        1059   1365.7798887724239     
        1060   1365.6543598545518     
        1061   1365.5648120976853     
        1062   1365.4902861245846     
        1063   1365.5329878562013     
        1064   1365.6735528310503     
        1065   1365.8415474774054     
        1066   1365.9338281036671     
        1067   1366.0386421534174     
        1068   1365.9525993741959     
        1069   1365.8588420453000     
        1070   1365.7798887724239     
        1071   1365.6643598545518     
        1072   1365.5748120976853     
        1073   1365.5102861245846     
        1074   1365.5233750619020     
        1075   1365.6922761557632     
        1076   1365.8934894668146     
        1077   1366.0078077187186     
        1078   1366.1362943273155     
        1079   1366.0490276237724     
        1080   1365.9417355808907     
        1081   1365.8624831804443     
        1082   1365.7305795349416     
        1083   1365.6393506439310     
        1084   1365.5651030661863     
        1085   1365.5740204047365     
        1086   1365.7734816969514     
        1087   1366.0233927824970     
        1088   1366.1577737438049     
        1089   1366.2990479504790     
        1090   1366.1930747064005     
        1091   1366.0532248068753     
        1092   1365.9568071938122     
        1093   1365.7876123355918     
        1094   1365.6769148876742     
        1095   1365.5764646355228     
        1096   1365.6292140075868     
        1097   1365.8278433593077     
        1098   1366.0793637772015     
        1099   1366.1997635513308     
        1100   1366.3478740374280     
        1101   1366.2162888311886     
        1102   1366.0696715746708     
        1103   1365.9481043978226     
        1104   1365.7607221757867     
        1105   1365.6141841607971     
        1106   1365.4988731063238     
        1107   1365.6133750619019     
        1108   1365.7522761557632     
        1109   1365.9434894668145     
        1110   1366.0278077187186     
        1111   1366.1362943273155     
        1112   1366.0190276237724     
        1113   1365.8917355808908     
        1114   1365.7924831804444     
        1115   1365.6305795349417     
        1116   1365.5193506439311     
        1117   1365.4251030661865     
        1118   1365.5029878562013     
        1119   1365.6535528310503     
        1120   1365.8315474774054     
        1121   1365.9338281036671     
        1122   1366.0386421534174     
        1123   1365.9725993741959     
        1124   1365.8888420453000     
        1125   1365.8298887724238     
        1126   1365.7243598545517     
        1127   1365.6548120976852     
        1128   1365.6002861245845     
        1129   1365.5544076104372     
        1130   1365.7922050216641     
        1131   1366.0753347719062     
        1132   1366.2317533588564     
        1133   1366.3967001243768     
        1134   1366.2795029559770     
        1135   1366.1361183424660     
        1136   1366.0294016018329     
        1137   1365.8538320159817     
        1138   1365.7114534339200     
        1139   1365.6012815771246     
        1140   1365.6642785418703     
        1141   1365.8659639134264     
        1142   1366.1113541087698     
        1143   1366.2237601538393     
        1144   1366.3641493997443     
        1145   1366.2206935394515     
        1146   1366.0618204972693     
        1147   1365.9285367991595     
        1148   1365.7384254558517     
        1149   1365.5999405851715     
        1150   1365.4730092632574     
        1151   1365.5835041304688     
        1152   1365.7385172640008     
        1153   1365.9474701299509     
        1154   1366.0558009237359     
        1155   1366.1688450519480     
        1156   1366.0678370402979     
        1157   1365.9460334260875     
        1158   1365.8533479831181     
        1159   1365.7059860950717     
        1160   1365.6108634926798     
        1161   1365.5233753800537     
        1162   1365.5735041304688     
        1163   1365.7385172640008     
        1164   1365.9474701299509     
        1165   1366.0458009237359     
        1166   1366.1688450519480     
        1167   1366.0678370402979     
        1168   1365.9360334260875     
        1169   1365.8333479831181     
        1170   1365.6859860950717     
        1171   1365.5708634926798     
        1172   1365.4733753800538     
        1173   1365.5529878562013     
        1174   1365.6835528310503     
        1175   1365.8615474774053     
        1176   1365.9438281036671     
        1177   1366.0386421534174     
        1178   1365.9525993741959     
        1179   1365.8488420453000     
        1180   1365.7698887724239     
        1181   1365.6443598545518     
        1182   1365.5548120976853     
        1183   1365.4902861245846     
        1184   1365.5084395961856     
        1185   1365.6903967098820     
        1186   1365.9054797983829     
        1187   1366.0218043212274     
        1188   1366.1525696896317     
        1189   1366.0734323320353     
        1190   1365.9638845034890     
        1191   1365.8929155817812     
        1192   1365.7582828150069     
        1193   1365.6651070683056     
        1194   1365.5892392231201     
        1195   1365.5890849390200     
        1196   1365.7916022510701     
        1197   1366.0453831140651     
        1198   1366.1717703463135     
        1199   1366.3153233127953     
        1200   1366.1974794146631     
        1201   1366.0553737294738     
        1202   1365.9472395951491     
        1203   1365.7753156156568     
        1204   1365.6426713120486     
        1205   1365.5406007924566     
        1206   1365.6088268018862     
        1207   1365.7891200345948     
        1208   1366.0074217877923     
        1209   1366.1257839362790     
        1210   1366.2502218635300     
        1211   1366.1398605816121     
        1212   1365.9967780390798     
        1213   1365.8855099898017     
        1214   1365.7145024953966     
        1215   1365.5896456145510     
        1216   1365.4840561647218     
        1217   1365.5781814590516     
        1218   1365.7179144934069     
        1219   1365.8975184721098     
        1220   1365.9858179111930     
        1221   1366.0874682403664     
        1222   1365.9858134989843     
        1223   1365.8752888130953     
        1224   1365.7911859764342     
        1225   1365.6574696947469     
        1226   1365.5620813708081     
        1227   1365.4826945953855     
        1228   1365.5136331990359     
        1229   1365.6947583722383     
        1230   1365.9314507930874     
        1231   1366.0537941287530     
        1232   1366.2013957765807     
        1233   1366.1266464568237     
        1234   1366.0303312712847     
        1235   1365.9642127857917     
        1236   1365.8413926552018     
        1237   1365.7623763414283     
        1238   1365.7016476939211     
        1239   1365.6306337618225     
        1240   1365.9264955499211     
        1241   1366.2931510717021     
        1242   1366.4976888065200     
        1243   1366.7059320083874     
        1244   1366.5631924129698     
        1245   1366.3769478718368     
        1246   1366.2476172272316     
        1247   1366.0201943372165     
        1248   1365.8408254970318     
        1249   1365.6898685588640     
        1250   1365.7851820218386     
        1251   1366.0196516710898     
        1252   1366.3192187507248     
        1253   1366.4497125889598     
        1254   1366.5920044721727     
        1255   1366.4123594551302     
        1256   1366.1919054136474     
        1257   1366.0245904178742     
        1258   1365.7562713767616     
        1259   1365.5505305264116     
        1260   1365.3609154603284     
        1261   1365.6418262390994     
        1262   1365.6773828569119     
        1263   1365.7357215091774     
        1264   1365.7318892585122     
        1265   1365.7456856317233     
        1266   1365.6333146254660     
        1267   1365.5201614385278     
        1268   1365.4321055483620     
        1269   1365.3057008133819     
        1270   1365.2111964589478     
        1271   1365.1158352997791     
        1272   1365.2400000000000     
        1273   1365.2200000000000     
        1274   1365.2000000000000     
        1275   1365.1700000000001     
        1276   1365.1500000000001     
        1277   1365.1300000000001     
        1278   1365.1300000000001     
        1279   1365.1300000000001     
        1280   1365.1300000000001     
        1281   1365.1300000000001     
        1282   1365.1300000000001     
        1283   1365.1400000000001     
        1284   1365.1500000000001     
        1285   1365.1600000000001     
        1286   1365.1700000000001     
        1287   1365.1800000000001     
        1288   1365.1900000000001     
        1289   1365.2000000000000     
        1290   1365.2000000000000     
        1291   1365.2100000000000     
        1292   1365.2200000000000     
        1293   1365.2200000000000     
        1294   1365.2300000000000     
        1295   1365.2300000000000     
        1296   1365.2400000000000     
        1297   1365.2400000000000     
        1298   1365.2400000000000     
        1299   1365.2400000000000     
        1300   1365.2400000000000     
        1301   1365.2400000000000     
        1302   1365.2400000000000     
        1303   1365.2400000000000     
        1304   1365.2400000000000     
        1305   1365.2400000000000     
        1306   1365.2400000000000     
        1307   1365.2400000000000     
        1308   1365.2400000000000     
        1309   1365.2500000000000     
        1310   1365.2500000000000     
        1311   1365.2600000000000     
        1312   1365.2600000000000     
        1313   1365.2700000000000     
        1314   1365.2800000000000     
        1315   1365.2800000000000     
        1316   1365.2702774162967     
        1317   1365.2924895580607     
        1318   1365.3179535515401     
        1319   1365.3359707983057     
        1320   1365.3550769361311     
        1321   1365.3576016271593     
        1322   1365.3585872961648     
        1323   1365.3617279162793     
        1324   1365.3608220918222     
        1325   1365.3630422739645     
        1326   1365.3665675333716     
        1327   1365.3111808962651     
        1328   1365.3861773157239     
        1329   1365.4758181934953     
        1330   1365.5219232334264     
        1331   1365.5829320085600     
        1332   1365.5692675428384     
        1333   1365.5586722125433     
        1334   1365.5477815349941     
        1335   1365.5286680127319     
        1336   1365.5136322152048     
        1337   1365.5144737304424     
        1338   1365.4081814590518     
        1339   1365.5879144934070     
        1340   1365.8175184721099     
        1341   1365.9458179111930     
        1342   1366.0874682403664     
        1343   1366.0258134989842     
        1344   1365.9452888130952     
        1345   1365.8811859764342     
        1346   1365.7774696947470     
        1347   1365.7120813708082     
        1348   1365.6526945953856     
        1349   1365.5947948161379     
        1350   1365.8409283463768     
        1351   1366.1472767613154     
        1352   1366.3157329739079     
        1353   1366.4943522982749     
        1354   1366.3659312055536     
        1355   1366.2190118780568     
        1356   1366.1019960098533     
        1357   1365.9100516963715     
        1358   1365.7759919801658     
        1359   1365.6660985187266     
        1360   1365.6854401589721     
        1361   1365.9521338875647     
        1362   1366.2871800769974     
        1363   1366.4556989989940     
        1364   1366.6571059214384     
        1365   1366.4999782881814     
        1366   1366.3205011040413     
        1367   1366.1763200232213     
        1368   1365.9470844970215     
        1369   1365.7835562239088     
        1370   1365.6474600880631     
        1371   1365.7303756246890     
        1372   1365.9840133334462     
        1373   1366.2951897454295     
        1374   1366.4517023964852     
        1375   1366.6408305591217     
        1376   1366.4755735799183     
        1377   1366.2783521814426     
        1378   1366.1158876218844     
        1379   1365.8693812169565     
        1380   1365.6877997995346     
        1381   1365.5333239311294     
        1382   1365.7038913361696     
        1383   1365.8572405887137     
        1384   1366.0594121193603     
        1385   1366.1597805387876     
        1386   1366.2664972258463     
        1387   1366.1242652898748     
        1388   1365.9589269616783     
        1389   1365.8359423911386     
        1390   1365.6422057754617     
        1391   1365.5054020389255     
        1392   1365.3781923216554     
        1393   1365.5520843762333     
        1394   1365.6198650733872     
        1395   1365.7236828354503     
        1396   1365.7578756685468     
        1397   1365.8107870809886     
        1398   1365.7309334585170     
        1399   1365.6387571289215     
        1400   1365.5738351537088     
        1401   1365.4665139336419     
        1402   1365.3842221564450     
        1403   1365.3223799275136     
        1404   1365.4159872934147     
        1405   1365.4518156533675     
        1406   1365.4898471987906     
        1407   1365.5099334259005     
        1408   1365.5341059216112     
        1409   1365.5060534180500     
        1410   1365.4622254447479     
        1411   1365.4364843309838     
        1412   1365.3855581725372     
        1413   1365.3663629420819     
        1414   1365.3520652596417     
        1415   1365.3463744991154     
        1416   1365.4205389780805     
        1417   1365.5117891881998     
        1418   1365.5739130409520     
        1419   1365.6317580955090     
        1420   1365.6124816676265     
        1421   1365.5751189803386     
        1422   1365.5590787390045     
        1423   1365.5117778529270     
        1424   1365.4809014883276     
        1425   1365.4668822012434     
        1426   1365.4519553076661     
        1427   1365.5536239651494     
        1428   1365.6597021723137     
        1429   1365.7098824635293     
        1430   1365.7782363563558     
        1431   1365.7121240419915     
        1432   1365.6344592837247     
        1433   1365.5529703510354     
        1434   1365.4411073735121     
        1435   1365.3627093076964     
        1436   1365.2841076136463     
        1437   1365.4300000000001     
        1438   1365.3900000000001     
        1439   1365.3499999999999     
        1440   1365.3099999999999     
        1441   1365.2700000000000     
        1442   1365.2300000000000     
        1443   1365.1900000000001     
        1444   1365.1500000000001     
        1445   1365.1099999999999     
        1446   1365.0699999999999     
        1447   1365.0300000000000     
        1448   1365.0000000000000     
        1449   1364.9700000000000     
        1450   1364.9300000000001     
        1451   1364.9000000000001     
        1452   1364.8699999999999     
        1453   1364.8499999999999     
        1454   1364.8299999999999     
        1455   1364.8099999999999     
        1456   1364.7900000000000     
        1457   1364.7700000000000     
        1458   1364.7600000000000     
        1459   1364.7500000000000     
        1460   1364.7300000000000     
        1461   1364.7200000000000     
        1462   1364.7100000000000     
        1463   1364.7300000000000     
        1464   1364.7500000000000     
        1465   1364.7600000000000     
        1466   1364.7800000000000     
        1467   1364.8000000000000     
        1468   1364.8399999999999     
        1469   1364.8800000000001     
        1470   1364.9100000000001     
        1471   1364.9500000000000     
        1472   1364.9900000000000     
        1473   1365.0300000000000     
        1474   1365.0699999999999     
        1475   1365.0999999999999     
        1476   1365.1400000000001     
        1477   1365.1800000000001     
        1478   1365.2100000000000     
        1479   1365.2400000000000     
        1480   1365.2800000000000     
        1481   1365.2656000877139     
        1482   1365.3230923286546     
        1483   1365.3679052093812     
        1484   1365.4059538108488     
        1485   1365.4364537477131     
        1486   1365.4396251684734     
        1487   1365.4293319091573     
        1488   1365.4138899229633     
        1489   1365.3893384921473     
        1490   1365.3718243958360     
        1491   1365.3572483180399     
        1492   1365.3656000877140     
        1493   1365.3830923286548     
        1494   1365.4079052093814     
        1495   1365.4259538108490     
        1496   1365.4364537477131     
        1497   1365.4096251684732     
        1498   1365.3793319091571     
        1499   1365.3638899229632     
        1500   1365.3293384921471     
        1501   1365.3118243958359     
        1502   1365.2872483180397     
        1503   1365.3202774162967     
        1504   1365.3324895580606     
        1505   1365.3379535515401     
        1506   1365.3459707983056     
        1507   1365.3550769361311     
        1508   1365.3476016271593     
        1509   1365.3385872961649     
        1510   1365.3217279162793     
        1511   1365.3108220918223     
        1512   1365.3030422739644     
        1513   1365.2865675333715     
        1514   1365.3099999999999     
        1515   1365.3000000000000     
        1516   1365.3000000000000     
        1517   1365.2900000000000     
        1518   1365.2800000000000     
        1519   1365.2700000000000     
        1520   1365.2500000000000     
        1521   1365.2400000000000     
        1522   1365.2300000000000     
        1523   1365.2200000000000     
        1524   1365.2100000000000     
        1525   1365.1900000000001     
        1526   1365.1800000000001     
        1527   1365.1700000000001     
        1528   1365.1700000000001     
        1529   1365.1700000000001     
        1530   1365.1600000000001     
        1531   1365.1600000000001     
        1532   1365.1600000000001     
        1533   1365.1700000000001     
        1534   1365.1700000000001     
        1535   1365.1800000000001     
        1536   1365.1800000000001     
        1537   1365.1900000000001     
        1538   1365.2000000000000     
        1539   1365.2100000000000     
        1540   1365.2300000000000     
        1541   1365.2400000000000     
        1542   1365.2500000000000     
        1543   1365.2600000000000     
        1544   1365.2800000000000     
        1545   1365.2900000000000     
        1546   1365.3099999999999     
        1547   1365.2756000877139     
        1548   1365.3230923286546     
        1549   1365.3679052093812     
        1550   1365.4059538108488     
        1551   1365.4364537477131     
        1552   1365.4396251684734     
        1553   1365.4393319091573     
        1554   1365.4438899229633     
        1555   1365.4493384921473     
        1556   1365.4518243958360     
        1557   1365.4572483180398     
        1558   1365.3623425133669     
        1559   1365.5023472898622     
        1560   1365.6616441617232     
        1561   1365.7638620785810     
        1562   1365.8758885302543     
        1563   1365.8385522915682     
        1564   1365.7873528193156     
        1565   1365.7455647590562     
        1566   1365.6773270539020     
        1567   1365.6372478539422     
        1568   1365.5989245552480     
        1569   1365.5337622676027     
        1570   1365.7309994804759     
        1571   1365.9654314562238     
        1572   1366.1017873337703     
        1573   1366.2339465012133     
        1574   1366.1254558733490     
        1575   1365.9846291164813     
        1576   1365.8850775884650     
        1577   1365.7267992153318     
        1578   1365.5938891901769     
        1579   1365.4899200077882     
        1580   1365.5879233219180     
        1581   1365.7154322769316     
        1582   1365.8695571458370     
        1583   1365.9398315011586     
        1584   1366.0223667911011     
        1585   1365.9181946659332     
        1586   1365.7966931227015     
        1587   1365.6994563710871     
        1588   1365.5666565744868     
        1589   1365.4690556733110     
        1590   1365.3861499676509     
        1591   1365.4623425133670     
        1592   1365.5623472898624     
        1593   1365.7116441617234     
        1594   1365.7938620785812     
        1595   1365.8758885302543     
        1596   1365.8185522915683     
        1597   1365.7473528193157     
        1598   1365.6955647590562     
        1599   1365.6173270539020     
        1600   1365.5572478539423     
        1601   1365.5189245552481     
        1602   1365.4981814590517     
        1603   1365.6579144934069     
        1604   1365.8575184721099     
        1605   1365.9658179111930     
        1606   1366.0874682403664     
        1607   1366.0058134989843     
        1608   1365.8952888130952     
        1609   1365.8111859764342     
        1610   1365.6674696947468     
        1611   1365.5720813708081     
        1612   1365.4926945953855     
        1613   1365.5528587876345     
        1614   1365.6773117228129     
        1615   1365.8375668142689     
        1616   1365.9158348986500     
        1617   1366.0060914287849     
        1618   1365.9137899576704     
        1619   1365.8045442001032     
        1620   1365.7290239697504     
        1621   1365.5989532944220     
        1622   1365.5032992489366     
        1623   1365.4320138107173     
        1624   1365.4975361162174     
        1625   1365.6067089522189     
        1626   1365.7576151564278     
        1627   1365.8358518861071     
        1628   1365.9247146172031     
        1629   1365.8417664163567     
        1630   1365.7537995871110     
        1631   1365.6768619630666     
        1632   1365.5704368940969     
        1633   1365.4845171270651     
        1634   1365.4113330260491     
        1635   1365.4919553076663     
        1636   1365.5736239651496     
        1637   1365.6797021723137     
        1638   1365.7298824635293     
        1639   1365.7782363563558     
        1640   1365.7121240419915     
        1641   1365.6244592837247     
        1642   1365.5629703510353     
        1643   1365.4711073735120     
        1644   1365.3927093076964     
        1645   1365.3341076136462     
        1646   1365.4061163619815     
        1647   1365.4480567616051     
        1648   1365.5038278619270     
        1649   1365.5279266309178     
        1650   1365.5666566462437     
        1651   1365.5248628345755     
        1652   1365.4765232899449     
        1653   1365.4473491336576     
        1654   1365.3909647326670     
        1655   1365.3578757908306     
        1656   1365.3203375735091     
        1657   1365.3657291562808     
        1658   1365.3893334368925     
        1659   1365.4318858725178     
        1660   1365.4439470158661     
        1661   1365.4690044723459     
        1662   1365.4384345849990     
        1663   1365.4036297543541     
        1664   1365.3747547256366     
        1665   1365.3447450522769     
        1666   1365.3133372445845     
        1667   1365.2855206319068     
        1668   1365.3252128820131     
        1669   1365.3343690039419     
        1670   1365.3359632199720     
        1671   1365.3419741957971     
        1672   1365.3388015738149     
        1673   1365.3331969188966     
        1674   1365.3264383735664     
        1675   1365.3312955149424     
        1676   1365.3231188117572     
        1677   1365.3172858495902     
        1678   1365.3124313764379     
        1679   1365.3104064848635     
        1680   1365.3287306662983     
        1681   1365.3619342146765     
        1682   1365.3739640033230     
        1683   1365.3876276607639     
        1684   1365.3764110436848     
        1685   1365.3528851413616     
        1686   1365.3425927189528     
        1687   1365.3262286519521     
        1688   1365.3045551227131     
        1689   1365.2848398472388     
        1690   1365.3199999999999     
        1691   1365.3099999999999     
        1692   1365.3000000000000     
        1693   1365.2900000000000     
        1694   1365.2800000000000     
        1695   1365.2600000000000     
        1696   1365.2500000000000     
        1697   1365.2400000000000     
        1698   1365.2400000000000     
        1699   1365.2400000000000     
        1700   1365.2300000000000     
        1701   1365.2300000000000     
        1702   1365.2300000000000     
        1703   1365.2400000000000     
        1704   1365.2600000000000     
        1705   1365.2700000000000     
        1706   1365.2900000000000     
        1707   1365.3000000000000     
        1708   1365.3199999999999     
        1709   1365.3499999999999     
        1710   1365.3699999999999     
        1711   1365.4000000000001     
        1712   1365.3065035676823     
        1713   1365.3967800863179     
        1714   1365.5157698513362     
        1715   1365.5819062459693     
        1716   1365.6643088201417     
        1717   1365.6412910841520     
        1718   1365.6094168255354     
        1719   1365.5899435416779     
        1720   1365.5471844130570     
        1721   1365.5224143370763     
        1722   1365.5051545151109     
        1723   1365.4477942533510     
        1724   1365.5891911686940     
        1725   1365.7755764827007     
        1726   1365.8718382961413     
        1727   1365.9898160664684     
        1728   1365.9193852494077     
        1729   1365.8423952775047     
        1730   1365.7785915684135     
        1731   1365.6812500143569     
        1732   1365.6075428245624     
        1733   1365.5478776537836     
        1734   1365.5286977333192     
        1735   1365.7228789263572     
        1736   1365.9534411246557     
        1737   1366.0777907312615     
        1738   1366.2176711388970     
        1739   1366.1210511650863     
        1740   1366.0124801938830     
        1741   1365.9246451871284     
        1742   1365.7790959352669     
        1743   1365.6681327658027     
        1744   1365.5857838508548     
        1745   1365.6090849390200     
        1746   1365.8116022510701     
        1747   1366.0553831140651     
        1748   1366.1717703463135     
        1749   1366.3153233127953     
        1750   1366.1874794146631     
        1751   1366.0453737294738     
        1752   1365.9272395951491     
        1753   1365.7453156156569     
        1754   1365.6126713120486     
        1755   1365.5006007924565     
        1756   1365.5935041304688     
        1757   1365.7485172640008     
        1758   1365.9474701299509     
        1759   1366.0458009237359     
        1760   1366.1688450519480     
        1761   1366.0578370402980     
        1762   1365.9260334260875     
        1763   1365.8333479831181     
        1764   1365.6859860950717     
        1765   1365.5908634926798     
        1766   1365.5033753800537     
        1767   1365.5337622676027     
        1768   1365.7209994804759     
        1769   1365.9554314562238     
        1770   1366.0917873337703     
        1771   1366.2339465012133     
        1772   1366.1354558733492     
        1773   1366.0146291164815     
        1774   1365.9350775884652     
        1775   1365.7867992153319     
        1776   1365.6938891901771     
        1777   1365.6099200077883     
        1778   1365.6144076104372     
        1779   1365.8322050216641     
        1780   1366.0953347719062     
        1781   1366.2417533588564     
        1782   1366.3967001243768     
        1783   1366.2595029559770     
        1784   1366.1061183424661     
        1785   1365.9794016018329     
        1786   1365.7938320159817     
        1787   1365.6514534339201     
        1788   1365.5312815771247     
        1789   1365.6336331990360     
        1790   1365.7947583722384     
        1791   1365.9914507930876     
        1792   1366.0937941287530     
        1793   1366.2013957765807     
        1794   1366.0766464568235     
        1795   1365.9403312712845     
        1796   1365.8242127857916     
        1797   1365.6513926552018     
        1798   1365.5223763414283     
        1799   1365.4116476939212     
        1800   1365.5522134448001     
        1801   1365.6361061816249     
        1802   1365.7476634985867     
        1803   1365.7858688735641     
        1804   1365.8433378056216     
        1805   1365.7497428750426     
        1806   1365.6530549741185     
        1807   1365.5646999563826     
        1808   1365.4419204937719     
        1809   1365.3557350051935     
        1810   1365.2706522413807     
        1811   1365.4056000877140     
        1812   1365.4030923286548     
        1813   1365.4279052093814     
        1814   1365.4259538108490     
        1815   1365.4364537477131     
        1816   1365.3996251684732     
        1817   1365.3693319091572     
        1818   1365.3638899229632     
        1819   1365.3493384921471     
        1820   1365.3318243958358     
        1821   1365.3272483180399     
        1822   1365.3011808962651     
        1823   1365.3761773157239     
        1824   1365.4658181934954     
        1825   1365.5219232334264     
        1826   1365.5829320085600     
        1827   1365.5692675428384     
        1828   1365.5486722125434     
        1829   1365.5377815349941     
        1830   1365.4986680127320     
        1831   1365.4836322152048     
        1832   1365.4744737304425     
        1833   1365.4271489105165     
        1834   1365.5379856275058     
        1835   1365.6656731670184     
        1836   1365.7418722710552     
        1837   1365.8270624433048     
        1838   1365.7653381667797     
        1839   1365.6909060515200     
        1840   1365.6242675550457     
        1841   1365.5342172137068     
        1842   1365.4699785808193     
        1843   1365.4165160844473     
        1844   1365.4472779790833     
        1845   1365.5542267357434     
        1846   1365.6996538301551     
        1847   1365.7698654760727     
        1848   1365.8596131679378     
        1849   1365.8041475833056     
