TSI from Antarctic Stack (Delaygue+Bard) (Calibrated to Wang et al)
Year
TSI (W/m2)
year DB_background DB_11yr_only
         850   1365.4807816931454        1365.6388453429436     
         851   1365.5404478759888        1365.7006272780059     
         852   1365.6807577527920        1365.8415580334638     
         853   1365.8603885790110        1366.0208708191842     
         854   1365.9526354196068        1366.1133546024569     
         855   1366.0586633251539        1366.2189409679136     
         856   1365.9689609769555        1366.1307251518870     
         857   1365.8616225308435        1366.0247384217153     
         858   1365.7802771317381        1365.9441669200630     
         859   1365.6513061345363        1365.8163614717114     
         860   1365.5595543144696        1365.7252273291526     
         861   1365.4833060942306        1365.6493931140124     
         862   1365.5283296810851        1365.6951331812172     
         863   1365.6727270922090        1365.8364492494868     
         864   1365.8551606176829        1366.0152941720646     
         865   1365.9491709946140        1366.1076971074908     
         866   1366.0555975902603        1366.2125446195957     
         867   1365.9656970520571        1366.1251258912102     
         868   1365.8571762848603        1366.0197088999344     
         869   1365.7736779413522        1365.9390893116417     
         870   1365.6419463288257        1365.8114245090223     
         871   1365.5467168914493        1365.7198084791232     
         872   1365.4664823127096        1365.6431465000360     
         873   1365.5192133634191        1365.6971474171248     
         874   1365.6508102688031        1365.8286963229500     
         875   1365.8182577488435        1365.9956384823972     
         876   1365.9022574974429        1366.0809938236043     
         877   1365.9980727390180        1366.1781259684999     
         878   1365.9087486919709        1366.0938595004297     
         879   1365.8021045637429        1365.9927039707020     
         880   1365.7194150683665        1365.9150837040718     
         881   1365.5916134853921        1365.7932259672693     
         882   1365.4987623965881        1365.7055891490054     
         883   1365.4206408546613        1365.6322970199599     
         884   1365.4757348098547        1365.6886592486039     
         885   1365.5945878065688        1365.8086827426785     
         886   1365.7469392138050        1365.9614448380819     
         887   1365.8240454101908        1366.0398484742707     
         888   1365.9127323923728        1366.1293704387620     
         889   1365.8333693770228        1366.0531123711276     
         890   1365.7389419854746        1365.9616972387521     
         891   1365.6670471992684        1365.8921269127964     
         892   1365.5546679969571        1365.7823304845069     
         893   1365.4747697840867        1365.7041364692832     
         894   1365.4088751882498        1365.6393313411984     
         895   1365.4479929347697        1365.6771874411506     
         896   1365.5727381711085        1365.7997268588144     
         897   1365.7309300411787        1365.9549844359806     
         898   1365.8142352014861        1366.0360685895803     
         899   1365.9090809135012        1366.1282563047344     
         900   1365.8365399107756        1366.0550015982988     
         901   1365.7489253968740        1365.9665905323502     
         902   1365.6836392638807        1365.8999271931807     
         903   1365.5778856109512        1365.7930513900562     
         904   1365.5042884455777        1365.7176205593498     
         905   1365.4444677373706        1365.6554675601649     
         906   1365.4687634809861        1365.6760648977549     
         907   1365.6113988114419        1365.8130041043105     
         908   1365.7905045634652        1365.9857383694045     
         909   1365.8869445846801        1366.0768583418048     
         910   1365.9954873296463        1366.1799145603106     
         911   1365.9194636903655        1366.1010320751880     
         912   1365.8260043249795        1366.0051274548366     
         913   1365.7560333678873        1365.9326481655105     
         914   1365.6405332784773        1365.8155544878114     
         915   1365.5592175301399        1365.7324902114422     
         916   1365.4920711262025        1365.6635867759367     
         917   1365.5182475255426        1365.6871648579329     
         918   1365.6711485333060        1365.8350648093758     
         919   1365.8637101303959        1366.0218918594933     
         920   1365.9663627339096        1366.1199788625004     
         921   1366.0827822175618        1366.2313167301784     
         922   1365.9988556597350        1366.1449952849989     
         923   1365.8971639912074        1366.0406969076362     
         924   1365.8224387653615        1365.9625010839925     
         925   1365.6994145784524        1365.8363359392224     
         926   1365.6148840802432        1365.7477582845322     
         927   1365.5465809945022        1365.6749433706591     
         928   1365.5677590685286        1365.6903758593862     
         929   1365.7480254864813        1365.8617312835459     
         930   1365.9736659609141        1366.0775548826448     
         931   1366.0962494461819        1366.1919020531375     
         932   1366.2341205083903        1366.3211723169670     
         933   1366.1421512520078        1366.2243304798301     
         934   1366.0289342812964        1366.1065249657595     
         935   1365.9455962928218        1366.0180938798658     
         936   1365.8060168868508        1365.8744080818740     
         937   1365.7094250506150        1365.7731869138956     
         938   1365.6303131007112        1365.6894850840497     
         939   1365.6582548563622        1365.7123962562252     
         940   1365.8569682948275        1365.9024422898933     
         941   1366.1049037652990        1366.1414952599980     
         942   1366.2353405713013        1366.2662140411505     
         943   1366.3808405818952        1366.4067210196363     
         944   1366.2662036143322        1366.2933047877568     
         945   1366.1255769644965        1366.1555106390015     
         946   1366.0165272891072        1366.0497365457982     
         947   1365.8427108807869        1365.8814313224491     
         948   1365.7158795943953        1365.7600932719008     
         949   1365.6078492892998        1365.6580055252989     
         950   1365.6799266438229        1365.7339252629820     
         951   1365.8458614069170        1365.9014500205053     
         952   1366.0575456799172        1366.1142974066740     
         953   1366.1611322238539        1366.2218928888010     
         954   1366.2796330666888        1366.3444870952430     
         955   1366.1590117933176        1366.2334166837688     
         956   1366.0159167384959        1366.1005400123215     
         957   1365.9036456381023        1365.9979250415870     
         958   1365.7330614296452        1365.8383092787897     
         959   1365.6075313641045        1365.7227389422005     
         960   1365.5009711921368        1365.6256301256569     
         961   1365.5860558705792        1365.7162749287486     
         962   1365.7215242833765        1365.8552475385889     
         963   1365.8969877344732        1366.0329701102364     
         964   1365.9828430653422        1366.1228394208690     
         965   1366.0827184447103        1366.2259627177862     
         966   1365.9823368546001        1366.1331423711360     
         967   1365.8640910988181        1366.0224609362124     
         968   1365.7727644389424        1365.9376488042046     
         969   1365.6331504485076        1365.8052869739124     
         970   1365.5322118674667        1365.7102868775239     
         971   1365.4478591162654        1365.6310890231248     
         972   1365.5085413081256        1365.6928472344730     
         973   1365.6394054075408        1365.8231736369362     
         974   1365.8070065343311        1365.9890412716736     
         975   1365.8928815613660        1366.0746562769184     
         976   1365.9912220853923        1366.1722562122129     
         977   1365.9062149975327        1366.0905140753491     
         978   1365.8042397439531        1365.9921563831508     
         979   1365.7260268079776        1365.9170842192914     
         980   1365.6027461031449        1365.7981000958714     
         981   1365.5136414863805        1365.7127530141249     
         982   1365.4383829724204        1365.6412557138428     
         983   1365.4903563623932        1365.6935316787446     
         984   1365.6108462836978        1365.8148906619642     
         985   1365.7637173583475        1365.9686405193963     
         986   1365.8387845994619        1366.0465264398974     
         987   1365.9241344950792        1366.1349948267759     
         988   1365.8379548625683        1366.0553294137010     
         989   1365.7353464155276        1365.9598149088117     
         990   1365.6545307230506        1365.8859077926581     
         991   1365.5318156943149        1365.7709391984918     
         992   1365.4412481854415        1365.6875622557563     
         993   1365.3642510847380        1365.6174314294094     
         994   1365.4258791232353        1365.6836929762976     
         995   1365.5214322953075        1365.7823936023040     
         996   1365.6454846628435        1365.9087358915369     
         997   1365.7061403431148        1365.9725610422038     
         998   1365.7770006710446        1366.0459325480281     
         999   1365.7061827976786        1365.9798916859856     
        1000   1365.6232744320894        1365.9013804441979     
        1001   1365.5602177542121        1365.8416275286670     
        1002   1365.4638121814223        1365.7484037203303     
        1003   1365.3959297765534        1365.6822753441359     
        1004   1365.3410608215727        1365.6279582043931     
        1005   1365.3716836565061        1365.6569169372337     
        1006   1365.4841136468590        1365.7641766643578     
        1007   1365.6269970648589        1365.9002604757459     
        1008   1365.7056755475539        1365.9728631117910     
        1009   1365.7949689618092        1366.0553143555558     
        1010   1365.7387890004584        1365.9952720244489     
        1011   1365.6692886488283        1365.9220989007736     
        1012   1365.6186265137144        1365.8674309191283     
        1013   1365.5317703422400        1365.7776903452075     
        1014   1365.4715285831996        1365.7144679219211     
        1015   1365.4214664967267        1365.6619081682652     
        1016   1365.4399589418756        1365.6764593302464     
        1017   1365.5630500389736        1365.7955344865302     
        1018   1365.7160694509660        1365.9450263224026     
        1019   1365.7940918038039        1366.0219985500964     
        1020   1365.8806541649797        1366.1084950533013     
        1021   1365.8025201019523        1366.0345306871452     
        1022   1365.7069820064110        1365.9447266356265     
        1023   1365.6301369575940        1365.8745633553162     
        1024   1365.5111244354559        1365.7643552145573     
        1025   1365.4201246227819        1365.6830360110023     
        1026   1365.3393346152175        1365.6131121030221     
        1027   1365.4142252711422        1365.6971815519341     
        1028   1365.4759151342155        1365.7695682464689     
        1029   1365.5580868767177        1365.8630126329874     
        1030   1365.5878699650509        1365.9057613653272     
        1031   1365.6239905132243        1365.9553230979195     
        1032   1365.5458787950643        1365.8930915200988     
        1033   1365.4567790092594        1365.8203035787192     
        1034   1365.3822916063405        1365.7619299448361     
        1035   1365.2803149794863        1365.6764403296647     
        1036   1365.2002486032150        1365.6121822114112     
        1037   1365.1299792518589        1365.5570774473344     
        1038   1365.2173280962861        1365.6568756757258     
        1039   1365.2234682552851        1365.6751649715006     
        1040   1365.2390048584878        1365.7017938910083     
        1041   1365.2380591522585        1365.7115953067610     
        1042   1365.2416353133997        1365.7248133558685     
        1043   1365.2068611620145        1365.6998209120923     
        1044   1365.1706009922041        1365.6722243771560     
        1045   1365.1420575541777        1365.6508369110395     
        1046   1365.1063139043458        1365.6211091025923     
        1047   1365.0807783336270        1365.5999386290214     
        1048   1365.0608790543204        1365.5829652115124     
        1049   1365.0842490720165        1365.6059674743062     
        1050   1365.1044259072596        1365.6259504183447     
        1051   1365.1319732200197        1365.6521094922693     
        1052   1365.1494731974592        1365.6672127722923     
        1053   1365.1706674944162        1365.6849324221557     
        1054   1365.1668440783574        1365.6768348647672     
        1055   1365.1622856007632        1365.6670468674674     
        1056   1365.1628902184866        1365.6614613806046     
        1057   1365.1585255883181        1365.6500722389762     
        1058   1365.1607159321488        1365.6443545404891     
        1059   1365.1664161930994        1365.6413335127561     
        1060   1365.1346737537408        1365.5994204227022     
        1061   1365.2074006089181        1365.6620601120046     
        1062   1365.2956508406673        1365.7396034902922     
        1063   1365.3519530359779        1365.7845085817753     
        1064   1365.4138810780466        1365.8345699937588     
        1065   1365.4031376017201        1365.8113142169782     
        1066   1365.3860666280898        1365.7814045366381     
        1067   1365.3788343380002        1365.7611545346115     
        1068   1365.3539905401678        1365.7230390009611     
        1069   1365.3432182864979        1365.6988685049876     
        1070   1365.3384358729179        1365.6805526625701     
        1071   1365.2962580323274        1365.6272579811748     
        1072   1365.4255096224799        1365.7415775349425     
        1073   1365.5827005372096        1365.8835053291070     
        1074   1365.6755858784149        1365.9620110544301     
        1075   1365.7775367346333        1366.0496326570785     
        1076   1365.7362781919246        1365.9960520430911     
        1077   1365.6812078915643        1365.9291393607155     
        1078   1365.6440078704327        1365.8802573420894     
        1079   1365.5711563001923        1365.7966183431088     
        1080   1365.5242865797845        1365.7391661293545     
        1081   1365.4875889800019        1365.6923606886494     
        1082   1365.4721801414294        1365.6688526468877     
        1083   1365.6342408117368        1365.8187825550199     
        1084   1365.8337628995550        1366.0061742962891     
        1085   1365.9432891636848        1366.1059909998353     
        1086   1366.0645735500796        1366.2180152914573     
        1087   1365.9870777607257        1366.1357210780341     
        1088   1365.8900960378141        1366.0349456081221     
        1089   1365.8176850166972        1365.9588796784340     
        1090   1365.6959798718055        1365.8350520020872     
        1091   1365.6104014817645        1365.7472744835388     
        1092   1365.5391981085950        1365.6742398399158     
        1093   1365.5675277434084        1365.6994231400474     
        1094   1365.7294321687582        1365.8563491849934     
        1095   1365.9323019484809        1366.0541082254679     
        1096   1366.0374354153698        1366.1566284115215     
        1097   1366.1554839928742        1366.2724636433325     
        1098   1366.0573642198235        1366.1768770123540     
        1099   1365.9380816594332        1366.0611805767433     
        1100   1365.8455202808259        1365.9723539934805     
        1101   1365.6992802590348        1365.8315251834563     
        1102   1365.5926044974440        1365.7300293836256     
        1103   1365.5021455029746        1365.6448218041412     
        1104   1365.5625079534695        1365.7076272015536     
        1105   1365.7016876632063        1365.8482067700470     
        1106   1365.8797617822324        1366.0270285965132     
        1107   1365.9686410037837        1366.1182373298643     
        1108   1366.0708343324368        1366.2223875942527     
        1109   1365.9746686205010        1366.1315583233450     
        1110   1365.8606624217166        1366.0228968101283     
        1111   1365.7732782615212        1365.9399654925230     
        1112   1365.6385199751671        1365.8099206885204     
        1113   1365.5425350637906        1365.7172578405125     
        1114   1365.4636498321972        1365.6406095411194     
        1115   1365.5099484506422        1365.6851319281943     
        1116   1365.6575672289193        1365.8296058249778     
        1117   1365.8458550437088        1366.0131181188551     
        1118   1365.9475018812359        1366.1101077214598     
        1119   1366.0643620569635        1366.2208697744743     
        1120   1365.9860614846632        1366.1379759808160     
        1121   1365.8919789243794        1366.0381273714004     
        1122   1365.8262831761037        1365.9647658833587     
        1123   1365.7147179594886        1365.8449062921929     
        1124   1365.6423683171656        1365.7626056526422     
        1125   1365.5871685845893        1365.6963163278153     
        1126   1365.5838890774207        1365.6805027425626     
        1127   1365.7971296952869        1365.8776271829320     
        1128   1366.0612169249350        1366.1245971217418     
        1129   1366.2099813865298        1366.2578417791060     
        1130   1366.3753111858002        1366.4075585479882     
        1131   1366.2830015053764        1366.3036959371482     
        1132   1366.1657708947957        1366.1758307434534     
        1133   1366.0803918778990        1366.0801755828695     
        1134   1365.9306858601358        1365.9219833201503     
        1135   1365.8277179931004        1365.8107681440820     
        1136   1365.7431902453625        1365.7186866207705     
        1137   1365.7612676291787        1365.7302525537089     
        1138   1365.9953116315041        1365.9534050318925     
        1139   1366.2863163613461        1366.2336581136638     
        1140   1366.4394425570863        1366.3798599615377     
        1141   1366.6098786594484        1366.5444073267338     
        1142   1366.4759125792457        1366.4116239967973     
        1143   1366.3111443062523        1366.2501264401028     
        1144   1366.1829167578912        1366.1259483916963     
        1145   1365.9784953495409        1365.9283793710351     
        1146   1365.8285248975371        1365.7855832756875     
        1147   1365.7000100777382        1365.6650977715551     
        1148   1365.7885437705954        1365.7596749267841     
        1149   1365.9754189184887        1365.9502376113455     
        1150   1366.2144154894668        1366.1926211606158     
        1151   1366.3294049760793        1366.3143137852032     
        1152   1366.4613871426243        1366.4531599278289     
        1153   1366.3192855496166        1366.3241544951190     
        1154   1366.1513818983387        1366.1701329403809     
        1155   1366.0186533242634        1366.0507294134286     
        1156   1365.8189251133874        1365.8659102016504     
        1157   1365.6705264955078        1365.7314368376381     
        1158   1365.5436211770027        1365.6180094880331     
        1159   1365.6527009458075        1365.7360339414722     
        1160   1365.7923658120994        1365.8828373167353     
        1161   1365.9749860886545        1366.0712903936171     
        1162   1366.0611868151370        1366.1652165418227     
        1163   1366.1625007346411        1366.2734086325720     
        1164   1366.0486075999868        1366.1708971397011     
        1165   1365.9159202069986        1366.0493461413394     
        1166   1365.8128125154810        1365.9558844966120     
        1167   1365.6585748950677        1365.8116124800088     
        1168   1365.5469461085552        1365.7079576102053     
        1169   1365.4540553188017        1365.6216784297433     
        1170   1365.5263461436439        1365.6966243711051     
        1171   1365.6612716856537        1365.8306255970126     
        1172   1365.8349128539046        1366.0015675296836     
        1173   1365.9242596927681        1366.0898538007225     
        1174   1366.0272424412583        1366.1908120135847     
        1175   1365.9407680330951        1366.1069433600437     
        1176   1365.8375089934607        1366.0062824900674     
        1177   1365.7597802347664        1365.9300560912106     
        1178   1365.6362303564822        1365.8089196827430     
        1179   1365.5490934014801        1365.7229504367388     
        1180   1365.4773114756301        1365.6517389752405     
        1181   1365.5161076712898        1365.6879848458607     
        1182   1365.6633900463780        1365.8297431557266     
        1183   1365.8490597921977        1366.0088906847102     
        1184   1365.9464844956360        1366.1023152382004     
        1185   1366.0564411311584        1366.2081272064809     
        1186   1365.9698693183082        1366.1230289276757     
        1187   1365.8644767935220        1366.0199686085818     
        1188   1365.7837967717796        1365.9413702292725     
        1189   1365.6543679725323        1365.8158461765745     
        1190   1365.5610751493994        1365.7259271433229     
        1191   1365.4824729095099        1365.6507064484210     
        1192   1365.5296505353822        1365.6970608213553     
        1193   1365.6670300038545        1365.8333359433341     
        1194   1365.8413755089002        1366.0060335565129     
        1195   1365.9295458519537        1366.0946964404334     
        1196   1366.0299370374821        1366.1954947485722     
        1197   1365.9391083615590        1366.1094513968253     
        1198   1365.8304000779444        1366.0060198323711     
        1199   1365.7464196571559        1365.9268266530080     
        1200   1365.6157879228392        1365.8020455853414     
        1201   1365.5211369701815        1365.7124630058402     
        1202   1365.4415144139653        1365.6375765066825     
        1203   1365.4965472009212        1365.6924574271238     
        1204   1365.6214809878863        1365.8187224145822     
        1205   1365.7810704838730        1365.9791442816472     
        1206   1365.8615138062457        1366.0614036723732     
        1207   1365.9536426765601        1366.1551228236144     
        1208   1365.8694826715334        1366.0747855989680     
        1209   1365.7690755378219        1365.9783249125107     
        1210   1365.6917265115596        1365.9045254898294     
        1211   1365.5713927044642        1365.7882472241902     
        1212   1365.4843159779184        1365.7047629634774     
        1213   1365.4110573538201        1365.6349234238714     
        1214   1365.4625279621746        1365.6876413431532     
        1215   1365.5775268162004        1365.8040563912982     
        1216   1365.7241356519694        1365.9518704149414     
        1217   1365.7974202358878        1366.0272526021349     
        1218   1365.8809812424074        1366.1129859200576     
        1219   1365.8016988341572        1366.0376659826647     
        1220   1365.7071511012930        1365.9473008173170     
        1221   1365.6336780653326        1365.8777938739956     
        1222   1365.5206382662245        1365.7690478501545     
        1223   1365.4384813337731        1365.6907207439574     
        1224   1365.3695033496626        1365.6252152705617     
        1225   1365.4177155585314        1365.6770028598410     
        1226   1365.5226948950594        1365.7820278982585     
        1227   1365.6575956217603        1365.9159623274643     
        1228   1365.7268232186361        1365.9849765136494     
        1229   1365.8069061767148        1366.0640556002786     
        1230   1365.7397074020200        1365.9981085437948     
        1231   1365.6598292233282        1365.9191572215495     
        1232   1365.6003329926762        1365.8596276327405     
        1233   1365.5057285512851        1365.7650962409537     
        1234   1365.4402053972558        1365.6985189031504     
        1235   1365.3874732157326        1365.6439184991264     
        1236   1365.4087255259578        1365.6617838245443     
        1237   1365.5367709994248        1365.7830585376992     
        1238   1365.6980558157838        1365.9362880964477     
        1239   1365.7869333818817        1366.0181122225513     
        1240   1365.8873365452409        1366.1108383486260     
        1241   1365.8243845518939        1366.0435696529250     
        1242   1365.7462434980500        1365.9614653718086     
        1243   1365.6890106339181        1365.9000410856636     
        1244   1365.5910639261926        1365.7992077542738     
        1245   1365.5228514803332        1365.7280884545780     
        1246   1365.4660094821973        1365.6689162498631     
        1247   1365.4885971687979        1365.6866584382249     
        1248   1365.6241708634893        1365.8190350833493     
        1249   1365.7926492198872        1365.9851796055796     
        1250   1365.8776991038080        1366.0704164503975     
        1251   1365.9720562499870        1366.1661978116390     
        1252   1365.8840918431124        1366.0833485981454     
        1253   1365.7771476348018        1365.9829990800763     
        1254   1365.6914218085544        1365.9047543755289     
        1255   1365.5597365760871        1365.7822548210206     
        1256   1365.4600355518062        1365.6923548957052     
        1257   1365.3727115151512        1365.6156186285255     
        1258   1365.4513431771563        1365.7022277558169     
        1259   1365.5283398646711        1365.7900920587415     
        1260   1365.6298837536456        1365.9030840156011     
        1261   1365.6712665853704        1365.9566804597457     
        1262   1365.7208329254056        1366.0186596815129     
        1263   1365.6383982071595        1365.9492945507909     
        1264   1365.5440835324125        1365.8678857126447     
        1265   1365.4677068291305        1365.8038739548749     
        1266   1365.3603454853401        1365.7083460785886     
        1267   1365.2794718217758        1365.6382772539102     
        1268   1365.2109950218774        1365.5794308315908     
        1269   1365.2816106291275        1365.6576207225844     
        1270   1365.3315833864506        1365.7143421930443     
        1271   1365.4005778683265        1365.7887168125246     
        1272   1365.4337283914090        1365.8260816498509     
        1273   1365.4746864673425        1365.8699975712600     
        1274   1365.4328773674424        1365.8301989466238     
        1275   1365.3852801759676        1365.7834749607580     
        1276   1365.3507475399456        1365.7486614696677     
        1277   1365.2972820281725        1365.6939846375167     
        1278   1365.2613115797824        1365.6559363388242     
        1279   1365.2332003021270        1365.6250818006713     
        1280   1365.2458408386472        1365.6347528160254     
        1281   1365.3224680918113        1365.7073323305181     
        1282   1365.4179628635616        1365.7985681744319     
        1283   1365.4704972212510        1365.8472166614326     
        1284   1365.5287353760973        1365.9018415328121     
        1285   1365.4907998490248        1365.8613977415496     
        1286   1365.4429195825114        1365.8116813451625     
        1287   1365.4061317048984        1365.7737005785939     
        1288   1365.3446787324722        1365.7119895822168     
        1289   1365.2996299915237        1365.6674332131556     
        1290   1365.2605322954516        1365.6296380687033     
        1291   1365.2854655298513        1365.6562125090629     
        1292   1365.3462715679368        1365.7194471461444     
        1293   1365.4230690940105        1365.7994238263077     
        1294   1365.4582084118176        1365.8388022120237     
        1295   1365.4976432766798        1365.8833073623612     
        1296   1365.4461713564808        1365.8382413300837     
        1297   1365.3847946187443        1365.7841953668021     
        1298   1365.3337202131383        1365.7411044793976     
        1299   1365.2598923325177        1365.6758953573278     
        1300   1365.2022921708460        1365.6271575736346     
        1301   1365.1514589017286        1365.5852902601684     
        1302   1365.2062671194305        1365.6485890277736     
        1303   1365.2251018118066        1365.6757248563845     
        1304   1365.2536491254643        1365.7122009993959     
        1305   1365.2620191785529        1365.7282243921657     
        1306   1365.2744825834054        1365.7477605609704     
        1307   1365.2411459089926        1365.7213601300059     
        1308   1365.2042295660608        1365.6910040254343     
        1309   1365.1739736200880        1365.6669458293641     
        1310   1365.1327543805212        1365.6317821336097     
        1311   1365.1007901741766        1365.6055668179067     
        1312   1365.0729754248343        1365.5832177774635     
        1313   1365.1076696636887        1365.6224749273117     
        1314   1365.1128484274420        1365.6324331302378     
        1315   1365.1222877399562        1365.6463232226645     
        1316   1365.1240261170569        1365.6521348992410     
        1317   1365.1277536525602        1365.6595166411782     
        1318   1365.1136985787434        1365.6486258103730     
        1319   1365.0987469128377        1365.6363792568948     
        1320   1365.0870099570714        1365.6269148626563     
        1321   1365.0714600036642        1365.6132277909921     
        1322   1365.0601240049255        1365.6033728775540     
        1323   1365.0509052525558        1365.5952779268605     
        1324   1365.0590913541550        1365.6037760475931     
        1325   1365.0695669384884        1365.6145765109745     
        1326   1365.0840167307456        1365.6287557782969     
        1327   1365.0933279963774        1365.6369140882309     
        1328   1365.1052369644708        1365.6467528184464     
        1329   1365.1047773347580        1365.6427899264586     
        1330   1365.1053222385719        1365.6384830944928     
        1331   1365.1104135168484        1365.6372504654621     
        1332   1365.1146536809817        1365.6335998289248     
        1333   1365.1242311552505        1365.6338703031035     
        1334   1365.1375432979644        1365.6364449078937     
        1335   1365.0973066889426        1365.5858208915229     
        1336   1365.1717718350699        1365.6462564005681     
        1337   1365.2619209353670        1365.7209723830601     
        1338   1365.3231528546719        1365.7660969759711     
        1339   1365.3907006335155        1365.8164768563474     
        1340   1365.3909234187267        1365.7996577848201     
        1341   1365.3860869874266        1365.7771286141735     
        1342   1365.3913094686086        1365.7639117241117     
        1343   1365.3805982405208        1365.7345126993600     
        1344   1365.3836026042195        1365.7182334689262     
        1345   1365.3924966566540        1365.7075048208030     
        1346   1365.3221849041181        1365.6193524627975     
        1347   1365.4842814386782        1365.7590478873390     
        1348   1365.6797277156179        1365.9316155629408     
        1349   1365.7978270192425        1366.0284829591155     
        1350   1365.9265033022161        1366.1360989840045     
        1351   1365.8830667876102        1366.0752026410642     
        1352   1365.8223979377301        1365.9981121431726     
        1353   1365.7823718458831        1365.9421586467517     
        1354   1365.6986799394190        1365.8443413251302     
        1355   1365.6451175127788        1365.7772606214505     
        1356   1365.6028070213476        1365.7224212169044     
        1357   1365.5788299853634        1365.6871735560660     
        1358   1365.7771625351143        1365.8709023055496     
        1359   1366.0205672574118        1366.1001412817575     
        1360   1366.1527842897290        1366.2216170145098     
        1361   1366.2986196617317        1366.3576804322615     
        1362   1366.1999369330172        1366.2551538384869     
        1363   1366.0766244580432        1366.1296296730420     
        1364   1365.9827380283100        1366.0340783653983     
        1365   1365.8275751094313        1365.8795971487941     
        1366   1365.7158624088036        1365.7689289478819     
        1367   1365.6209082354526        1365.6759425762004     
        1368   1365.6749416979546        1365.7307986671331     
        1369   1365.8465626448774        1365.9015981796770     
        1370   1366.0627336902928        1366.1173852458314     
        1371   1366.1684533116795        1366.2264295232817     
        1372   1366.2872716371146        1366.3497347174859     
        1373   1366.1636924125860        1366.2369236616780     
        1374   1366.0159680648471        1366.1014735408942     
        1375   1365.8980018932129        1365.9959448747065     
        1376   1365.7203917240488        1365.8325856710867     
        1377   1365.5872750909755        1365.7132164339612     
        1378   1365.4725467169360        1365.6121350018072     
        1379   1365.5745979457433        1365.7236629813417     
        1380   1365.6872135067731        1365.8451846232733     
        1381   1365.8355175059232        1366.0015910636075     
        1382   1365.9023297705601        1366.0782444304039     
        1383   1365.9812119056894        1366.1666367908147     
        1384   1365.8785971983064        1366.0774153630664     
        1385   1365.7593394973530        1365.9718043104588     
        1386   1365.6640319188195        1365.8894452766242     
        1387   1365.5248094601773        1365.7639148309468     
        1388   1365.4203389712493        1365.6721147161059     
        1389   1365.3307504546060        1365.5945661917533     
        1390   1365.4184004273927        1365.6896505245982     
        1391   1365.4944349799594        1365.7737526979047     
        1392   1365.5959551169312        1365.8825476885870     
        1393   1365.6410366812054        1365.9356750995426     
        1394   1365.6948067899252        1365.9971448224173     
        1395   1365.6217197959706        1365.9341243794536     
        1396   1365.5367286635492        1365.8594984452300     
        1397   1365.4679770801051        1365.8009507727900     
        1398   1365.3679209231857        1365.7118737746489     
        1399   1365.2914265607694        1365.6461155662287     
        1400   1365.2244933760064        1365.5899717950467     
        1401   1365.2963443124154        1365.6690732743182     
        1402   1365.3336365556208        1365.7163787972790     
        1403   1365.3853479334755        1365.7782210123651     
        1404   1365.4028536694734        1365.8062457941194     
        1405   1365.4250485141445        1365.8390739803488     
        1406   1365.3715748383986        1365.7968210174297     
        1407   1365.3109244648927        1365.7475256328162     
        1408   1365.2600286448996        1365.7079464660201     
        1409   1365.1907927711575        1365.6500964577972     
        1410   1365.1359758486183        1365.6064635179312     
        1411   1365.0874555588787        1365.5688861796079     
        1412   1365.1500541221196        1365.6396734524321     
        1413   1365.1479825354013        1365.6486798191070     
        1414   1365.1509611948834        1365.6625261458153     
        1415   1365.1453282064808        1365.6665850098327     
        1416   1365.1422134380327        1365.6726275497922     
        1417   1365.1188823411665        1365.6564176223080     
        1418   1365.0946896941934        1365.6385841183017     
        1419   1365.0742822656616        1365.6241448979736     
        1420   1365.0495196303607        1365.6045214822573     
        1421   1365.0295435861315        1365.5895111962177     
        1422   1365.0118743226410        1365.5765543669308     
        1423   1365.0333459309650        1365.6048929201309     
        1424   1365.0249040060469        1365.6011798941797     
        1425   1365.0167021919879        1365.5975540438396     
        1426   1365.0086442657871        1365.5939727204011     
        1427   1365.0006541606542        1365.5904033532604     
        1428   1364.9926558097986        1365.5868133718134     
        1429   1364.9845345976773        1365.5831520648662     
        1430   1364.9761759087473        1365.5793687212258     
        1431   1364.9674651274652        1365.5754126296983     
        1432   1364.9582876382876        1365.5712330790902     
        1433   1364.9485288256717        1365.5667793582079     
        1434   1364.9380740740742        1365.5620007558578     
        1435   1364.9268087679516        1365.5568465608465     
        1436   1364.9146182917611        1365.5512660619802     
        1437   1364.9016141345428        1365.5453121693122     
        1438   1364.8879077853364        1365.5390377928950     
        1439   1364.8737024439406        1365.5325371630133     
        1440   1364.8592013101536        1365.5259045099522     
        1441   1364.8446075837742        1365.5192340639960     
        1442   1364.8301244646007        1365.5126200554296     
        1443   1364.8159551524313        1365.5061567145376     
        1444   1364.8023028470648        1365.4999382716048     
        1445   1364.7893707482992        1365.4940589569160     
        1446   1364.7773620559335        1365.4886130007558     
        1447   1364.7664189514189        1365.4836645365217     
        1448   1364.7566735381022        1365.4792726585583     
        1449   1364.7481526145812        1365.4754476740191     
        1450   1364.7408829794545        1365.4721998900570     
        1451   1364.7348914313200        1365.4695396138254     
        1452   1364.7302047687763        1365.4674771524772     
        1453   1364.7268497904213        1365.4660228131656     
        1454   1364.7248532948533        1365.4651869030440     
        1455   1364.7242420806706        1365.4649797292655     
        1456   1364.7250429464716        1365.4654115989831     
        1457   1364.7272826908541        1365.4664928193499     
        1458   1364.7307263794407        1365.4681148904006     
        1459   1364.7351390778533        1365.4701693121692     
        1460   1364.7403971689687        1365.4725991204564     
        1461   1364.7463770356628        1365.4753473510616     
        1462   1364.7529550608122        1365.4783570397856     
        1463   1364.7600076272934        1365.4815712224283     
        1464   1364.7674111179826        1365.4849329347901     
        1465   1364.7750419157562        1365.4883852126709     
        1466   1364.7827764034907        1365.4918710918712     
        1467   1364.7904909640624        1365.4953336081908     
        1468   1364.7980924895210        1365.4987308458738     
        1469   1364.8054878719165        1365.5020208891638     
        1470   1364.8127946127945        1365.5052593966880     
        1471   1364.8200618429189        1365.5084709338280     
        1472   1364.8273386930530        1365.5116800659657     
        1473   1364.8346742939600        1365.5149113584828     
        1474   1364.8421177764035        1365.5181893767608     
        1475   1364.8497182711469        1365.5215386861817     
        1476   1364.8575249089536        1365.5249838521268     
        1477   1364.8655868205867        1365.5285494399780     
        1478   1364.8739531368103        1365.5322600151171     
        1479   1364.8827721088435        1365.5361848072562     
        1480   1364.8921919879062        1365.5403930461073     
        1481   1364.9021383907098        1365.5448508898510     
        1482   1364.9125369339654        1365.5495244966673     
        1483   1364.9233434687005        1365.5543917405346     
        1484   1364.9345138459423        1365.5594304954304     
        1485   1364.9460039167182        1365.5646186353329     
        1486   1364.9577695320552        1365.5699340342198     
        1487   1364.9697665429808        1365.5753545660689     
        1488   1364.9819508005221        1365.5808581048582     
        1489   1364.9899660000892        1365.5803286358423     
        1490   1365.0050623727595        1365.5897051209863     
        1491   1365.0208192268738        1365.6000542057486     
        1492   1365.0348847033360        1365.6080615078542     
        1493   1365.0490102853094        1365.6163131785499     
        1494   1365.0592177682674        1365.6192982403413     
        1495   1365.0686812825550        1365.6216133131093     
        1496   1365.0780937273430        1365.6243485693797     
        1497   1365.0859844733893        1365.6255367082083     
        1498   1365.0938069560532        1365.6273426831128     
        1499   1365.1010482934571        1365.6291526707103     
        1500   1365.0807618602394        1365.6055391687953     
        1501   1365.1078279802232        1365.6295827304566     
        1502   1365.1392497873699        1365.6587661790786     
        1503   1365.1570765010349        1365.6745304369304     
        1504   1365.1756628783567        1365.6917021011693     
        1505   1365.1654020597359        1365.6796468849334     
        1506   1365.1515642087950        1365.6644790509622     
        1507   1365.1403819883706        1365.6526261061501     
        1508   1365.1214881675432        1365.6333495407453     
        1509   1365.1069507010902        1365.6191111604198     
        1510   1365.0937507730243        1365.6067714807473     
        1511   1365.1043759786528        1365.6196304905513     
        1512   1365.1162495226793        1365.6341582106927     
        1513   1365.1315198196655        1365.6526901197012     
        1514   1365.1365007732625        1365.6610095139795     
        1515   1365.1424036937062        1365.6705845713793     
        1516   1365.1265180435771        1365.6578887150763     
        1517   1365.1084777249851        1365.6430791111907     
        1518   1365.0932268435909        1365.6311585088965     
        1519   1365.0729006251991        1365.6139156481322     
        1520   1365.0569458279879        1365.6009983440422     
        1521   1365.0431678926066        1365.5900448934483     
        1522   1365.0595228689003        1365.6084451704805     
        1523   1365.0613037848109        1365.6135233223824     
        1524   1365.0655815904429        1365.6208253059642     
        1525   1365.0673632637643        1365.6244571192838     
        1526   1365.0706572067204        1365.6291300547646     
        1527   1365.0672076951989        1365.6251060613376     
        1528   1365.0640682402893        1365.6206841169887     
        1529   1365.0629813948676        1365.6179059369244     
        1530   1365.0610587813605        1365.6133571684315     
        1531   1365.0616708444570        1365.6109974756891     
        1532   1365.0639792196114        1365.6098277895730     
        1533   1365.0534884985116        1365.5961465237081     
        1534   1365.0783118143681        1365.6177546050940     
        1535   1365.1087774846437        1365.6446722440701     
        1536   1365.1296291838889        1365.6608543427803     
        1537   1365.1528146117007        1365.6790029860415     
        1538   1365.1532169328598        1365.6726532254372     
        1539   1365.1519867492609        1365.6642320858632     
        1540   1365.1542239312041        1365.6592053773793     
        1541   1365.1510327913713        1365.6482494496345     
        1542   1365.1524330005011        1365.6420289904904     
        1543   1365.1557244027704        1365.6377673247348     
        1544   1365.1315971362380        1365.6083828684846     
        1545   1365.1868826570842        1365.6568535295710     
        1546   1365.2533799239745        1365.7166974098345     
        1547   1365.2932469641098        1365.7500357456065     
        1548   1365.3365607196138        1365.7870402224391     
        1549   1365.3208671600999        1365.7651707977373     
        1550   1365.2992181147029        1365.7376189246077     
        1551   1365.2845950377000        1365.7174274053891     
        1552   1365.2550397149346        1365.6826311207099     
        1553   1365.2358157977053        1365.6585790627223     
        1554   1365.2204321094791        1365.6388033639309     
        1555   1365.2146910394779        1365.6309691187771     
        1556   1365.2793419247994        1365.6912312760014     
        1557   1365.3588157252891        1365.7665331352243     
        1558   1365.4015504115143        1365.8061754380813     
        1559   1365.4487560716607        1365.8506418396930     
        1560   1365.4152440210241        1365.8161824574654     
        1561   1365.3736084070601        1365.7741273908443     
        1562   1365.3417066109960        1365.7420076243320     
        1563   1365.2896678740037        1365.6904435945505     
        1564   1365.2521272528265        1365.6534565567242     
        1565   1365.2203422068189        1365.6224332352365     
        1566   1365.2381428474237        1365.6410451990414     
        1567   1365.2949833135667        1365.6972763363042     
        1568   1365.3670237630236        1365.7685404169436     
        1569   1365.4032605950379        1365.8049961213335     
        1570   1365.4445248718027        1365.8464660481050     
        1571   1365.4065261318951        1365.8106088361660     
        1572   1365.3611623634213        1365.7675796646377     
        1573   1365.3261478988111        1365.7346308248041     
        1574   1365.2719512193955        1365.6828855321205     
        1575   1365.2328947960800        1365.6458116409592     
        1576   1365.2003618294591        1365.6149527137147     
        1577   1365.2200573183964        1365.6345682763654     
        1578   1365.2760252090225        1365.6896331212713     
        1579   1365.3478514808560        1365.7597720257913     
        1580   1365.3862931468498        1365.7966864048994     
        1581   1365.4309297882203        1365.8390404339052     
        1582   1365.4003233364676        1365.8070145618044     
        1583   1365.3641013313797        1365.7686917644530     
        1584   1365.3394848324394        1365.7408458484745     
        1585   1365.2979986696280        1365.6955111997336     
        1586   1365.2727453990376        1365.6651065516880     
        1587   1365.2552966760543        1365.6413893302558     
        1588   1365.2434956317318        1365.6218046168192     
        1589   1365.3423687606007        1365.7104707547203     
        1590   1365.4649351353860        1365.8215661258901     
        1591   1365.5383481746287        1365.8835444292270     
        1592   1365.6206086716172        1365.9534342856898     
        1593   1365.5914424375826        1365.9130854716664     
        1594   1365.5531148775276        1365.8630224674102     
        1595   1365.5306897291123        1365.8279088627241     
        1596   1365.4818848760610        1365.7662492223983     
        1597   1365.4553983030171        1365.7259481424201     
        1598   1365.4384607703810        1365.6946642587861     
        1599   1365.4016039436856        1365.6436350645445     
        1600   1365.5674018523860        1365.7918048254487     
        1601   1365.7696061744571        1365.9759990664127     
        1602   1365.8865104136362        1366.0768225725319     
        1603   1366.0145322220933        1366.1892278372459     
        1604   1365.9529027113963        1366.1161260812307     
        1605   1365.8718291741591        1366.0249818991417     
        1606   1365.8128227944242        1365.9567919262493     
        1607   1365.7055563130768        1365.8424497576750     
        1608   1365.6313673941627        1365.7618880974580     
        1609   1365.5696305155689        1365.6948283618085     


        1610   1365.5797613438410        1365.7001329197515     
        1611   1365.7508958249166        1365.8641126074381     
        1612   1365.9634438818348        1366.0699438111874     
        1613   1366.0736966326019        1366.1766589437007     
        1614   1366.1963531628976        1366.2967509852876     
        1615   1366.0940407198248        1366.1973817376249     
        1616   1365.9688757207030        1366.0767878471188     
        1617   1365.8705690371828        1365.9836839888274     
        1618   1365.7158893165831        1365.8363878847217     
        1619   1365.6013772110409        1365.7294942901985     
        1620   1365.5027491738799        1365.6390870250682     
        1621   1365.5773455672158        1365.7189748308401     
        1622   1365.7035679469718        1365.8508942306410     
        1623   1365.8661264814107        1366.0191373250545     
        1624   1365.9420081435937        1366.1027199608122     
        1625   1366.0296802068167        1366.1983091209195     
        1626   1365.9258507640582        1366.1060297103388     
        1627   1365.8039120881494        1365.9961783363210     
        1628   1365.7063676820776        1365.9105376707782     
        1629   1365.5617768696929        1365.7789161827955     
        1630   1365.4528041586691        1365.6825047545085     
        1631   1365.3585561824020        1365.6007268016785     
        1632   1365.4493820338689        1365.6995225065875     
        1633   1365.5278064111444        1365.7885037182175     
        1634   1365.6323794353309        1365.9034454985374     
        1635   1365.6768841049020        1365.9588070954476     
        1636   1365.7302405804967        1366.0228869255031     
        1637   1365.6500000529538        1365.9543829063218     
        1638   1365.5575350615197        1365.8736244606318     
        1639   1365.4826851849273        1365.8101738838434     
        1640   1365.3755695609057        1365.7144920172577     
        1641   1365.2941764739437        1365.6440063349894     
        1642   1365.2238676809550        1365.5841757087480     
        1643   1365.2987545856133        1365.6676881552362     
        1644   1365.3417659790352        1365.7196513856975     
        1645   1365.4014144989508        1365.7877454651657     
        1646   1365.4253299754096        1365.8198633412310     
        1647   1365.4553824896341        1365.8576188464517     
        1648   1365.4050430692214        1365.8149343780908     
        1649   1365.3480778013493        1365.7651361751114     
        1650   1365.3026497889136        1365.7262539250671     
        1651   1365.2382253312585        1365.6680083021306     
        1652   1365.1897973581154        1365.6252854879124     
        1653   1365.1482947444333        1365.5891504500707     
        1654   1365.1934353456115        1365.6403808084517     
        1655   1365.2217891561033        1365.6723934273352     
        1656   1365.2603371913231        1365.7141752694272     
        1657   1365.2762603684432        1365.7339270116215     
        1658   1365.2955727968110        1365.7569510884198     
        1659   1365.2641304144738        1365.7307507821997     
        1660   1365.2278501252549        1365.6999455915875     
        1661   1365.1978902675150        1365.6754424124465     
        1662   1365.1551414773355        1365.6387712033190     
        1663   1365.1215795997798        1365.6112411990366     
        1664   1365.0916717565087        1365.5874624804694     
        1665   1365.1280328657335        1365.6293063848625     
        1666   1365.1327359984973        1365.6388041935511     
        1667   1365.1412138156973        1365.6519804021232     
        1668   1365.1399383574826        1365.6563193836414     
        1669   1365.1396743675052        1365.6617919800594     
        1670   1365.1180886286102        1365.6477320041522     
        1671   1365.0941639101468        1365.6317172889671     
        1672   1365.0726566468009        1365.6181047381535     
        1673   1365.0461370142716        1365.5998220158249     
        1674   1365.0240662616991        1365.5854319580872     
        1675   1365.0044374632221        1365.5729342384891     
        1676   1365.0236678004535        1365.5958956916099     
        1677   1365.0146825396826        1365.5920861678003     
        1678   1365.0073696145125        1365.5890287226000     
        1679   1365.0016002591512        1365.5866639671742     
        1680   1364.9972457078070        1365.5849325126876     
        1681   1364.9941771946874        1365.5837749703055     
        1682   1364.9922659540007        1365.5831319511931     
        1683   1364.9913832199547        1365.5829440665154     
        1684   1364.9913114134542        1365.5831141345427     
        1685   1364.9918329554043        1365.5835449735448     
        1686   1364.9929390274629        1365.5842315444695     
        1687   1364.9947260914948        1365.5852168592305     
        1688   1364.9972906093653        1365.5865439297411     
        1689   1365.0007290429398        1365.5882557679156     
        1690   1365.0051378540834        1365.5903953856675     
        1691   1365.0106135046610        1365.5930057949106     
        1692   1365.0172524565382        1365.5961300075585     
        1693   1365.0251511715799        1365.5998110355254     
        1694   1365.0337830687831        1365.6038133030991     
        1695   1365.0427229780801        1365.6079459561602     
        1696   1365.0516005291006        1365.6120427059711     
        1697   1365.0600453514739        1365.6159372637944     
        1698   1365.0481297375343        1365.5979385090909     
        1699   1365.0667078133786        1365.6142579030120     
        1700   1365.0878099768740        1365.6338010137488     
        1701   1365.1013002192851        1365.6451010864334     
        1702   1365.1161156133094        1365.6576832253440     
        1703   1365.1151180104603        1365.6524321766628     
        1704   1365.1136079397745        1365.6459347387970     
        1705   1365.1156325620727        1365.6423922379208     
        1706   1365.1154265780835        1365.6352063933980     
        1707   1365.1200689606026        1365.6321905871291     
        1708   1365.1276680131923        1365.6313189806451     
        1709   1365.0983877181184        1365.5946033647360     
        1710   1365.1576492099566        1365.6449493327480     
        1711   1365.2295455162014        1365.7073036049430     
        1712   1365.2771201874721        1365.7441454076418     
        1713   1365.3298427328436        1365.7854068591719     
        1714   1365.3266796109892        1365.7691178663295     
        1715   1365.3198832184980        1365.7481686106760     
        1716   1365.3223109433350        1365.7355617395679     
        1717   1365.3126462478315        1365.7095976518892     
        1718   1365.3157595385760        1365.6954777327596     
        1719   1365.3254623377013        1365.6868643179903     
        1720   1365.2619940112781        1365.6071089560276     
        1721   1365.4082622372136        1365.7324014627225     
        1722   1365.5851292009909        1365.8873880908152     
        1723   1365.6953128424063        1365.9758864461899     
        1724   1365.8158028690882        1366.0743547007630     
        1725   1365.7863917964157        1366.0241424118303     
        1726   1365.7429639760842        1365.9600838140423     
        1727   1365.7186859329840        1365.9151997701122     
        1728   1365.6571604455273        1365.8337384721272     
        1729   1365.6230405047766        1365.7799324489426     
        1730   1365.5995776445509        1365.7373295313423     
        1731   1365.5485676919823        1365.6696605236277     
        1732   1365.7643895793747        1365.8650639053033     
        1733   1366.0270407638786        1366.1078114272971     
        1734   1366.1750867455171        1366.2389051989526     
        1735   1366.3365662797955        1366.3848578438967     
        1736   1366.2454071942320        1366.2833085897419     
        1737   1366.1279624044403        1366.1575254028635     
        1738   1366.0397918084625        1366.0623213013491     
        1739   1365.8875310323269        1365.9056237285852     
        1740   1365.7790907069864        1365.7938797807421     
        1741   1365.6872814547378        1365.7001590246584     
        1742   1365.7231674040038        1365.7346765141913     
        1743   1365.9213295885299        1365.9293715988874     
        1744   1366.1698598815728        1366.1748797856167     
        1745   1366.2955457221185        1366.3007038406222     
        1746   1366.4368711054744        1366.4430109461234     
        1747   1366.3076443458901        1366.3201487189024     
        1748   1366.1517938701315        1366.1720264401358     
        1749   1366.0297568806081        1366.0577931002144     
        1750   1365.8416131654940        1365.8788291425674     
        1751   1365.7040044963292        1365.7496683709435     
        1752   1365.5878322209760        1365.6414570507793     
        1753   1365.6691976132633        1365.7272860187654     
        1754   1365.8380462966252        1365.8984629025556     
        1755   1366.0560221143658        1366.1170701167373     
        1756   1366.1674862151290        1366.2297484337605     
        1757   1366.2969155094238        1366.3589899416477     
        1758   1366.1863588608751        1366.2511090931287     
        1759   1366.0554000279601        1366.1220658257498     
        1760   1365.9580129762542        1366.0249170138984     
        1761   1365.8037669515315        1365.8706749657681     
        1762   1365.6972731962426        1365.7622693703370     
        1763   1365.6119010944853        1365.6735330777690     
        1764   1365.6475052794269        1365.7015571641316     
        1765   1365.8571152601471        1365.9016023045790     
        1766   1366.1205027750436        1366.1539619729892     
        1767   1366.2649868253284        1366.2883917227475     
        1768   1366.4275086435250        1366.4403398961322     
        1769   1366.3231599765395        1366.3287590779776     
        1770   1366.1934178448305        1366.1924231474329     
        1771   1366.0970780912648        1366.0897432286235     
        1772   1365.9339767329345        1365.9220115900600     
        1773   1365.8192346706019        1365.8030731849128     
        1774   1365.7232022765897        1365.7038397331653     
        1775   1365.7642784824127        1365.7411371949306     
        1776   1365.9786013935211        1365.9514059973442     
        1777   1366.2462861731074        1366.2160032611298     
        1778   1366.3821010085283        1366.3518434335294     
        1779   1366.5340389142236        1366.5050859014516     
        1780   1366.3957812031581        1366.3731749253191     
        1781   1366.2277436588681        1366.2135204145836     
        1782   1366.0937350462132        1366.0892734457973     
        1783   1365.8861311432388        1365.8941996271658     
        1784   1365.7290038430592        1365.7509934078053     
        1785   1365.5906186094478        1365.6284036893842     
        1786   1365.7144940819976        1365.7677411248048     
        1787   1365.8370253851251        1365.9064880890039     
        1788   1365.9983764478052        1366.0849605388962     
        1789   1366.0624871811451        1366.1687523540411     
        1790   1366.1389979860905        1366.2655786714590     
        1791   1366.0027909201199        1366.1532728639183     
        1792   1365.8466248785430        1366.0214577373531     
        1793   1365.7181270360261        1365.9168264691286     
        1794   1365.5385199136465        1365.7615089779204     
        1795   1365.3998651907305        1365.6459856478250     
        1796   1365.2793499386610        1365.5475341013378     
        1797   1365.4192291646859        1365.7060600058630     
        1798   1365.4609962896875        1365.7649860907009     
        1799   1365.5248855849204        1365.8445363038754     
        1800   1365.5441657286501        1365.8795656545610     
        1801   1365.5724308636502        1365.9222116521962     
        1802   1365.4995433233539        1365.8649073151259     
        1803   1365.4197508794514        1365.7994438226733     
        1804   1365.3563546097178        1365.7484295245986     
        1805   1365.2708305081183        1365.6741684010544     
        1806   1365.2082127682324        1365.6204673472364     
        1807   1365.1571646092643        1365.5762441544002     
        1808   1365.2123981504938        1365.6349588323058     
        1809   1365.2595790479456        1365.6828318278442     
        1810   1365.3230950351299        1365.7451471811980     
        1811   1365.3573674043266        1365.7780430745611     
        1812   1365.3984421262376        1365.8163759773995     
        1813   1365.3711543955815        1365.7877514397153     
        1814   1365.3391631535414        1365.7536556927685     
        1815   1365.3179677104145        1365.7291301458313     
        1816   1365.2810742196771        1365.6887182920311     
        1817   1365.2587277992075        1365.6616851338160     
        1818   1365.2431759947190        1365.6405618090189     
        1819   1365.2317760559258        1365.6214804992399     
        1820   1365.3228153689595        1365.7027650723730     
        1821   1365.4352766128238        1365.8044147399785     
        1822   1365.5017700082690        1365.8607808083802     
        1823   1365.5758326897533        1365.9241295502982     
        1824   1365.5462430916600        1365.8860722114860     
        1825   1365.5075327920522        1365.8388109082409     
        1826   1365.4828849037829        1365.8049763800720     
        1827   1365.4332697022508        1365.7465360748095     
        1828   1365.4038502657647        1365.7074947675144     
        1829   1365.3832476952509        1365.6767235565610     
        1830   1365.3563754155916        1365.6386275243476     
        1831   1365.4986421669080        1365.7664411743449     
        1832   1365.6736437882757        1365.9260073668424     
        1833   1365.7754490200325        1366.0136585794048     
        1834   1365.8882782093672        1366.1119723817937     
        1835   1365.8372767746441        1366.0497739048421     
        1836   1365.7710286663244        1365.9726609132892     
        1837   1365.7259258927297        1365.9163441246199     
        1838   1365.6405417805604        1365.8207236446615     
        1839   1365.5856648607905        1365.7551985265163     
        1840   1365.5431741940024        1365.7020849277769     
        1841   1365.5254411078274        1365.6727295428057     
        1842   1365.7136621318591        1365.8464592433331     
        1843   1365.9461213855939        1366.0638337641346     
        1844   1366.0760851949974        1366.1807482074628     
        1845   1366.2205999046885        1366.3121654391805     
        1846   1366.1372778667801        1366.2200544569719     
        1847   1366.0323571571275        1366.1069955813257     
        1848   1365.9564421807456        1366.0227157541724     
        1849   1365.8243916958950        1365.8836432434493     
        1850   1365.7343676810312        1365.7862924260023     
        1851   1365.6611960979092        1365.7060449780931     
        1852   1365.6741288884605        1365.7106967894165     
        1853   1365.8870486246451        1365.9129920884513     
        1854   1366.1517740229976        1366.1669693234205     
        1855   1366.2931166196888        1366.3004384999533     
        1856   1366.4509046251098        1366.4508029634178     
        1857   1366.3359806502431        1366.3337547017088     
        1858   1366.1945954694272        1366.1913680634968     
        1859   1366.0872603118721        1366.0831090120262     
        1860   1365.9125293962741        1365.9092167385704     
        1861   1365.7878460293728        1365.7851295344501     
        1862   1365.6833572644487        1365.6815281270312     
        1863   1365.7387028487747        1365.7361945868047     
        1864   1365.9412681663600        1365.9354301660082     
        1865   1366.1970600753843        1366.1874273955507     
        1866   1366.3278549840502        1366.3172520761364     
        1867   1366.4757368624130        1366.4644235041253     
        1868   1366.3463818049220        1366.3400290611833     
        1869   1366.1902312468228        1366.1899651254721     
        1870   1366.0687608018663        1366.0746048916319     
        1871   1365.8788723961077        1365.8926408094696     
        1872   1365.7401825064931        1365.7614094614980     
        1873   1365.6225538831557        1365.6512244190981     
        1874   1365.7058562383156        1365.7385336304583     
        1875   1365.8789378786273        1365.9142070172436     
        1876   1366.1008152560646        1366.1378600321775     
        1877   1366.2103461828781        1366.2514020329513     
        1878   1366.3357085349439        1366.3807870856633     
        1879   1366.2109419017429        1366.2649886659035     
        1880   1366.0623325318859        1366.1261559450065     
        1881   1365.9454857824633        1366.0188568303977     
        1882   1365.7671805077141        1365.8515354705471     
        1883   1365.6353384292497        1365.7301260530273     
        1884   1365.5226206841717        1365.6277585627422     
        1885   1365.6158003625462        1365.7276745827244     
        1886   1365.7499908843536        1365.8684405765919     
        1887   1365.9239254536278        1366.0484538263438     
        1888   1366.0058180235239        1366.1381133786758     
        1889   1366.1012110532215        1366.2409980284044     
        1890   1365.9922951942317        1366.1429873005466     
        1891   1365.8648992254862        1366.0265428183288     
        1892   1365.7647180945721        1365.9364995840474     
        1893   1365.6153709310174        1365.7977388959107     
        1894   1365.5054689441977        1365.6972623972522     
        1895   1365.4126552999942        1365.6130435288314     
        1896   1365.4893600569490        1365.6948478438474     
        1897   1365.6029517490522        1365.8121429300566     
        1898   1365.7511482356956        1365.9626015309882     
        1899   1365.8254560329806        1366.0394864011082     
        1900   1365.9130135726723        1366.1282131735927     
        1901   1365.8340499573164        1366.0522323004764     
        1902   1365.7415166472786        1365.9617995950214     
        1903   1365.6729397067024        1365.8937981517042     
        1904   1365.5651991466987        1365.7862548596852     
        1905   1365.4912007218379        1365.7108033261075     
        1906   1365.4323782801337        1365.6492319500544     
        1907   1365.4554875055067        1365.6671340123028     
        1908   1365.6050265504116        1365.8082029609527     
        1909   1365.7931572857442        1365.9862907407223     
        1910   1365.8980684801429        1366.0818800166367     
        1911   1366.0165115961258        1366.1901289544692     
        1912   1365.9474540527406        1366.1137078415179     
        1913   1365.8615853093374        1366.0203978342990     
        1914   1365.8005965073005        1365.9512998316775     
        1915   1365.6937485769645        1365.8370778730559     
        1916   1365.6225724824783        1365.7577994399792     
        1917   1365.5664055032673        1365.6931558699582     
        1918   1365.5648886594140        1365.6825972074155     
        1919   1365.7594591138882        1365.8636501027995     
        1920   1366.0013520924706        1366.0909492956066     
        1921   1366.1357800954993        1366.2127329233019     
        1922   1366.2862855620526        1366.3501044129866     
        1923   1366.1971916886916        1366.2523933429529     
        1924   1366.0861987841545        1366.1330123632388     
        1925   1366.0065526154149        1366.0442735523707     
        1926   1365.8683058732458        1365.8981072911822     
        1927   1365.7750403939897        1365.7961734553180     
        1928   1365.7001973548079        1365.7125463753712     
        1929   1365.7073697710484        1365.7104588893828     
        1930   1365.9414783417153        1365.9300470360276     
        1931   1366.2328855846201        1366.2059126577713     
        1932   1366.3919796528078        1366.3524331649112     
        1933   1366.5704380283735        1366.5178877284454     
        1934   1366.4549433921782        1366.3956260222183     
        1935   1366.3126503850647        1366.2468929384859     
        1936   1366.2093484672616        1366.1359269511138     
        1937   1366.0346448295229        1365.9549124588239     
        1938   1365.9154501443045        1365.8282006572920     
        1939   1365.8190979235067        1365.7240197979909     
        1940   1365.8430664778932        1365.7376389426756     
        1941   1366.1135736835954        1365.9934828473747     
        1942   1366.4504009922000        1366.3149217383198     
        1943   1366.6312416519868        1366.4843449374621     
        1944   1366.8333222487452        1366.6753065465261     
        1945   1366.6895191379808        1366.5284123048405     
        1946   1366.5126864435913        1366.3497533254283     
        1947   1366.3799483799189        1366.2146283705870     
        1948   1366.1628826719248        1365.9970950552470     
        1949   1366.0108684405602        1365.8431936092570     
        1950   1365.8858045292632        1365.7157691439897     
        1951   1365.9446317567181        1365.7681154055001     
        1952   1366.2224076859454        1366.0365792537420     
        1953   1366.5702406080329        1366.3747755756483     
        1954   1366.7506555433401        1366.5501814367979     
        1955   1366.9520061824433        1366.7478142435282     
        1956   1366.7832491258532        1366.5841522534779     
        1957   1366.5775720827976        1366.3858083983259     
        1958   1366.4172184453168        1366.2331777464460     
        1959   1366.1653570501562        1365.9918448781741     
        1960   1365.9812416609807        1365.8177163035955     
        1961   1365.8250206950770        1365.6714685729823     
