   Muscheler TSI Smoothed:           40 years
  Year
  TSI (W/m2)
  year MEA_11yr_only MEA_background
         850   1365.6122116100921        1365.3058520657962     
         851   1365.6318331691809        1365.3282579448976     
         852   1365.7247966501452        1365.4300794699163     
         853   1365.8421546985351        1365.5582678880730     
         854   1365.9029911399834        1365.6247600692086     
         855   1365.9718631367186        1365.6998152145825     
         856   1365.9151255062791        1365.6377838736953     
         857   1365.8465478675562        1365.5625844158028     
         858   1365.7939686627672        1365.5046229580089     
         859   1365.7105851861488        1365.4128540929555     
         860   1365.6507444788842        1365.3464162549956     
         861   1365.6005743972178        1365.2903208698708     
         862   1365.6353934499848        1365.3264508586715     
         863   1365.7212041190298        1365.4181897676524     
         864   1365.8301638916646        1365.5349622856238     
         865   1365.8856831721432        1365.5933207900418     
         866   1365.9487874758211        1365.6596623197495     
         867   1365.8930427778910        1365.5962257914136     
         868   1365.8260948468615        1365.5201994844654     
         869   1365.7741537319926        1365.4601613627001     
         870   1365.6930825744143        1365.3679993420778     
         871   1365.6339607911650        1365.2995905318169     
         872   1365.5840696537059        1365.2408489493446     
         873   1365.6319810883710        1365.2877867962238     
         874   1365.6996956765324        1365.3571709239200     
         875   1365.7862064405367        1365.4469804499122     
         876   1365.8288869249518        1365.4883707733609     
         877   1365.8775618138382        1365.5361680212084     
         878   1365.8286638052284        1365.4764650228838     
         879   1365.7703280428275        1365.4061585444413     
         880   1365.7243470165304        1365.3491189991216     
         881   1365.6544036468561        1365.2655409158388     
         882   1365.6027174400938        1365.2016784278824     
         883   1365.5585951697951        1365.1460140047707     
         884   1365.6153680174666        1365.1995500906532     
         885   1365.6554798305096        1365.2370361685364     
         886   1365.7078969349936        1365.2883319702275     
         887   1365.7323348982943        1365.3086324778997     
         888   1365.7610933206470        1365.3340237224788     
         889   1365.7274060973800        1365.2902080107090     
         890   1365.6882950801087        1365.2408038213853     
         891   1365.6578385864002        1365.2014848509175     
         892   1365.6124699923539        1365.1461061734478     
         893   1365.5793304808169        1365.1049066599899     
         894   1365.5515294958491        1365.0701093189593     
         895   1365.5845501843362        1365.1023714489388     
         896   1365.6148745702885        1365.1341408779788     
         897   1365.6546128127175        1365.1773077905173     
         898   1365.6750963069730        1365.1995094467143     
         899   1365.6994976588815        1365.2272253011708     
         900   1365.6805663735722        1365.2068731114441     
         901   1365.6584110327426        1365.1841366844258     
         902   1365.6430302278759        1365.1701591644262     
         903   1365.6176063279602        1365.1455657020413     
         904   1365.6011590624162        1365.1318866952465     
         905   1365.5887089600178        1365.1232798808585     
         906   1365.5711162985829        1365.1119803036188     
         907   1365.6300712899731        1365.1841541846600     
         908   1365.7036537757947        1365.2731783872896     
         909   1365.7453842720618        1365.3275633232320     
         910   1365.7923453968231        1365.3883888103285     
         911   1365.7676693200788        1365.3702120808775     
         912   1365.7366070451440        1365.3452284363232     
         913   1365.7150068391029        1365.3309160143253     
         914   1365.6758270728130        1365.2971291007530     
         915   1365.6501280736338        1365.2781868487607     
         916   1365.6299989122590        1365.2654255962357     
         917   1365.6003925670125        1365.2442627022506     
         918   1365.6941892302802        1365.3555178056424     
         919   1365.8104383594412        1365.4906912940198     
         920   1365.8735262973437        1365.5673726324244     
         921   1365.9436999285363        1365.6508314425355     
         922   1365.8960371369865        1365.6049195465132     
         923   1365.8368115037160        1365.5456670597036     
         924   1365.7921961094594        1365.5014938640754     
         925   1365.7184197938745        1365.4249890188607     
         926   1365.6663076946600        1365.3715343590213     
         927   1365.6229071905693        1365.3270204169951     
         928   1365.6349290221233        1365.3427054728179     
         929   1365.7322721655464        1365.4501223416999     
         930   1365.8547163257215        1365.5839699847365     
         931   1365.9178341080524        1365.6526851011672     
         932   1365.9891244578621        1365.7296194251801     
         933   1365.9293732164906        1365.6637424502344     
         934   1365.8573056389419        1365.5839938493730     
         935   1365.8021034535041        1365.5224882658670     
         936   1365.7148446201234        1365.4260514338132     
         937   1365.6521960563123        1365.3561683381795     
         938   1365.5998220400024        1365.2974546665503     
         939   1365.6365888614407        1365.3354945632695     
         940   1365.7257221900563        1365.4308739072437     
         941   1365.8389627527395        1365.5525029799728     
         942   1365.8971977028127        1365.6144201231173     
         943   1365.9635050233223        1365.6853270566530     
         944   1365.9070876676501        1365.6226845656556     
         945   1365.8393609466743        1365.5478187189283     
         946   1365.7877097114629        1365.4906481555779     
         947   1365.7061606181192        1365.4009137189273     
         948   1365.6477858203405        1365.3366131590033     
         949   1365.5991860649222        1365.2830474964851     
         950   1365.6308794165484        1365.3168131526647     
         951   1365.7180083729584        1365.4111850069678     
         952   1365.8285711865856        1365.5309791270124     
         953   1365.8854994220858        1365.5924562093717     
         954   1365.9502410607593        1365.6621460039660     
         955   1365.8959015324351        1365.6020056727921     
         956   1365.8303186591886        1365.5296336039296     
         957   1365.7800987670021        1365.4737084716883     
         958   1365.7007433688543        1365.3859491204826     
         959   1365.6436188187379        1365.3222282054155     
         960   1365.5957589288878        1365.2684100990680     
         961   1365.6316383728933        1365.3052140866957     
         962   1365.7107435087185        1365.3893646105018     
         963   1365.8110920813799        1365.4964411306448     
         964   1365.8618061420468        1365.5490430737045     
         965   1365.9195340789352        1365.6090227582247     
         966   1365.8672103426904        1365.5485415433125     
         967   1365.8045906237760        1365.4766260487238     
         968   1365.7560474024278        1365.4200008627747     
         969   1365.6805965863102        1365.3337010823800     
         970   1365.6256554862607        1365.2697168534437     
         971   1365.5792604906710        1365.2147743966534     
         972   1365.6250975029204        1365.2596305340246     
         973   1365.6865861297031        1365.3225002643949     
         974   1365.7652864539825        1365.4043074819085     
         975   1365.8041139573409        1365.4419898168746     
         976   1365.8486718131871        1365.4860803895097     
         977   1365.8044460586639        1365.4323874150889     
         978   1365.7519797728239        1365.3698371352473     
         979   1365.7110519457183        1365.3198689678602     
         980   1365.6485578573615        1365.2462870513421     
         981   1365.6029016420828        1365.1914020103088     
         982   1365.5643333255557        1365.1443974853512     
         983   1365.6059779038453        1365.1849353245800     
         984   1365.6522510919824        1365.2323838010045     
         985   1365.7121512672593        1365.2953172255025     
         986   1365.7421616164211        1365.3255220905287     
         987   1365.7769010568525        1365.3613442488602     
         988   1365.7443950530474        1365.3229867058699     
         989   1365.7060290391673        1365.2783791354912     
         990   1365.6767283421277        1365.2442030497875     
         991   1365.6313686318883        1365.1925537359004     
         992   1365.5991240306721        1365.1559210695752     
         993   1365.5725878634516        1365.1262819659155     
         994   1365.5898697834114        1365.1456562760509     
         995   1365.6389096080093        1365.2008914681496     
         996   1365.7011479994405        1365.2711619066918     
         997   1365.7339486478929        1365.3088046031719     
         998   1365.7712684152161        1365.3515474944506     
         999   1365.7427173791889        1365.3212938404333     
        1000   1365.7080617663994        1365.2840556642714     
        1001   1365.6819538314662        1365.2562172310006     
        1002   1365.6394955534336        1365.2101407210819     
        1003   1365.6093366738271        1365.1772446903803     
        1004   1365.5838544221219        1365.1493018753404     
        1005   1365.5988553084887        1365.1656147467218     
        1006   1365.6463564175629        1365.2177279752730     
        1007   1365.7062925282498        1365.2830173457660     
        1008   1365.7363364604360        1365.3145143236186     
        1009   1365.7701782265121        1365.3498917049731     
        1010   1365.7382733132806        1365.3115739195148     
        1011   1365.6998939071539        1365.2655995846285     
        1012   1365.6696200552092        1365.2281858250087     
        1013   1365.6229749576037        1365.1720075354783     
        1014   1365.5880681531473        1365.1283529079813     
        1015   1365.5579124657356        1365.0894277755247     
        1016   1365.5978547728803        1365.1264978717850     
        1017   1365.6221564992625        1365.1483453627939     
        1018   1365.6542139516425        1365.1788791429119     
        1019   1365.6681817763035        1365.1887343036014     
        1020   1365.6847801113797        1365.2016985467235     
        1021   1365.6615214838130        1365.1689409972787     
        1022   1365.6345449329297        1365.1322304565997     
        1023   1365.6129742484054        1365.1018749887144     
        1024   1365.5818282842556        1365.0609374239916     
        1025   1365.5586340332407        1365.0292383832600     
        1026   1365.5388925488016        1365.0019458420361     
        1027   1365.5727121369623        1365.0340977513838     
        1028   1365.5810693427472        1365.0411598438543     
        1029   1365.5927572597982        1365.0527794174802     
        1030   1365.5975758419991        1365.0558363516111     
        1031   1365.6037427510628        1365.0608184586670     
        1032   1365.5940459179776        1365.0461210591009     
        1033   1365.5831673956870        1365.0300506803264     
        1034   1365.5745635466299        1365.0172028622187     
        1035   1365.5623639942276        1365.0001305489191     
        1036   1365.5534739960526        1364.9874625641348     
        1037   1365.5461404574132        1364.9769828493988     
        1038   1365.5578077221005        1364.9890569692795     
        1039   1365.5632948989983        1364.9963000338046     
        1040   1365.5705295986811        1365.0062244594601     
        1041   1365.5740914680021        1365.0109955635241     
        1042   1365.5783050146401        1365.0166640725965     
        1043   1365.5742177134553        1365.0104898345985     
        1044   1365.5694506799605        1365.0034885565190     
        1045   1365.5659754339649        1364.9984653690958     
        1046   1365.5606500915280        1364.9909789328337     
        1047   1365.5572085135275        1364.9863817001583     
        1048   1365.5546281417307        1364.9833401876519     
        1049   1365.5523673877360        1364.9828305464334     
        1050   1365.5629374382834        1364.9979955489896     
        1051   1365.5763025478909        1365.0169531070655     
        1052   1365.5840539674286        1365.0287707066370     
        1053   1365.5928408640245        1365.0421908270439     
        1054   1365.5892052588968        1365.0393219487642     
        1055   1365.5845888032327        1365.0354947843452     
        1056   1365.5820257840592        1365.0347495448073     
        1057   1365.5767580359279        1365.0307072108831     
        1058   1365.5742887892561        1365.0308300121446     
        1059   1365.5731208935495        1365.0329742264744     
        1060   1365.5540801908360        1365.0185685596475     
        1061   1365.5840033251559        1365.0581617493206     
        1062   1365.6209227651302        1365.1061083918353     
        1063   1365.6424786520199        1365.1364706121637     
        1064   1365.6666102996496        1365.1699625817355     
        1065   1365.6562870520113        1365.1640091796676     
        1066   1365.6429472788393        1365.1548389301129     
        1067   1365.6344113107875        1365.1516730405324     
        1068   1365.6178183537559        1365.1393346999303     
        1069   1365.6078586885797        1365.1351458872768     
        1070   1365.6010266090286        1365.1346089289050     
        1071   1365.5702452484281        1365.1109036171649     
        1072   1365.6306776708657        1365.1858584192264     
        1073   1365.7054647181760        1365.2767916026287     
        1074   1365.7476086469760        1365.3316922622641     
        1075   1365.7945257742308        1365.3919763541965     
        1076   1365.7688574518950        1365.3719052428683     
        1077   1365.7363427636349        1365.3441666088825     
        1078   1365.7131743916170        1365.3266840606416     
        1079   1365.6721682644729        1365.2892676695601     
        1080   1365.6445651149932        1365.2665190439591     
        1081   1365.6225828250317        1365.2496028125026     
        1082   1365.6004171019956        1365.2342556160249     
        1083   1365.6875211674237        1365.3365281033787     
        1084   1365.7960216407055        1365.4617856915704     
        1085   1365.8547662982610        1365.5326333532576     
        1086   1365.9204425695216        1365.6106785477023     
        1087   1365.8756970642803        1365.5676614642314     
        1088   1365.8203305064806        1365.5124821283664     
        1089   1365.7787755493086        1365.4719322687667     
        1090   1365.7099470828350        1365.4009342679831     
        1091   1365.6613792534938        1365.3517086358429     
        1092   1365.6211787876598        1365.3111484964688     
        1093   1365.6268919518441        1365.3210628558545     
        1094   1365.7236243006807        1365.4290485254655     
        1095   1365.8453021155212        1365.5639773570990     
        1096   1365.9091967646104        1365.6356902948528     
        1097   1365.9813114388180        1365.7159591619895     
        1098   1365.9248074108159        1365.6562031026540     
        1099   1365.8562026476829        1365.5829061923200     
        1100   1365.8039613903284        1365.5271291664319     
        1101   1365.7203303500087        1365.4368276525865     
        1102   1365.6605716581082        1365.3725111333870     
        1103   1365.6109046858999        1365.3189683430724     
        1104   1365.6366149886869        1365.3472378942552     
        1105   1365.7332764194750        1365.4525062054215     
        1106   1365.8554236206426        1365.5854988728688     
        1107   1365.9187503579953        1365.6543447104598     
        1108   1365.9905780428005        1365.7322410918530     
        1109   1365.9313319710348        1365.6675489916893     
        1110   1365.8598294512690        1365.5894409754737     
        1111   1365.8053484885133        1365.5298379920212     
        1112   1365.7188054145633        1365.4352873110183     
        1113   1365.6569540838852        1365.3675803269782     
        1114   1365.6054113151843        1365.3110803245916     
        1115   1365.6367566475099        1365.3445666791765     
        1116   1365.7313062133144        1365.4469072576578     
        1117   1365.8511389697680        1365.5767387594133     
        1118   1365.9130731707676        1365.6437159937361     
        1119   1365.9836735143431        1365.7200986356836     
        1120   1365.9253528869503        1365.6566029049513     
        1121   1365.8553663427149        1365.5804963914270     
        1122   1365.8021345722188        1365.5228076814124     
        1123   1365.7176416409734        1365.4312106165949     
        1124   1365.6574534529138        1365.3661405893845     
        1125   1365.6075122580703        1365.3124035926112     
        1126   1365.6346362595846        1365.3424963649263     
        1127   1365.7313987607697        1365.4482427125447     
        1128   1365.8537940613169        1365.5819543119430     
        1129   1365.9174902017810        1365.6516544309065     
        1130   1365.9896695522139        1365.7305853023752     
        1131   1365.9309452494447        1365.6670290707705     
        1132   1365.8598895685645        1365.5897848958311     
        1133   1365.8056203416324        1365.5305065860289     
        1134   1365.7191549180384        1365.4360541254150     
        1135   1365.6572303166522        1365.3678885445793     
        1136   1365.6053930181954        1365.3105062247760     
        1137   1365.6407327276950        1365.3474839941312     
        1138   1365.7311392057704        1365.4443321133176     
        1139   1365.8456919324235        1365.5668944390150     
        1140   1365.9036627025835        1365.6273101803624     
        1141   1365.9693193630762        1365.6955377584318     
        1142   1365.9098226858268        1365.6266574113217     
        1143   1365.8382561959834        1365.5441812100589     
        1144   1365.7824898515007        1365.4784418258628     
        1145   1365.6960037958791        1365.3788850301471     
        1146   1365.6328179306317        1365.3045124837977     
        1147   1365.5793431656496        1365.2405211120142     
        1148   1365.6341670549346        1365.2935490902173     
        1149   1365.7011999304609        1365.3610661632351     
        1150   1365.7875137354579        1365.4495972913007     
        1151   1365.8299031748943        1365.4904061926907     
        1152   1365.8790153987766        1365.5386517054249     
        1153   1365.8305225597726        1365.4803449042620     
        1154   1365.7732518551547        1365.4126926639053     
        1155   1365.7289920515402        1365.3596661081099     
        1156   1365.6610644412960        1365.2809906942437     
        1157   1365.6118754676668        1365.2230161014811     
        1158   1365.5704844449767        1365.1739751544937     
        1159   1365.6103854091107        1365.2136846541573     
        1160   1365.6670276463560        1365.2731954780891     
        1161   1365.7399182911581        1365.3510706541363     
        1162   1365.7771450522157        1365.3903814302766     
        1163   1365.8201452087703        1365.4364067051802     
        1164   1365.7832430007354        1365.3949897875239     
        1165   1365.7392874559021        1365.3460547459636     
        1166   1365.7059681336582        1365.3092267880966     
        1167   1365.6531522664773        1365.2510914832458     
        1168   1365.6157753509651        1365.2101485383353     
        1169   1365.5847188001119        1365.1762744908856     
        1170   1365.6015790546219        1365.1954819184696     
        1171   1365.6622159398826        1365.2629470692539     
        1172   1365.7389660877864        1365.3482573185333     
        1173   1365.7791458332865        1365.3932602581544     
        1174   1365.8246876617029        1365.4442717051988     
        1175   1365.7885766086856        1365.4054094118883     
        1176   1365.7449868694248        1365.3583961242668     
        1177   1365.7121088680628        1365.3230759665591     
        1178   1365.6593047491024        1365.2659991148612     
        1179   1365.6219941871304        1365.2260845047313     
        1180   1365.5912102850550        1365.1934514650093     
        1181   1365.6022975029205        1365.2074305340245     
        1182   1365.6690861297031        1365.2825002643949     
        1183   1365.7534864539825        1365.3772074819085     
        1184   1365.7981139573410        1365.4282898168747     
        1185   1365.8486718131871        1365.4860803895097     
        1186   1365.8106460586639        1365.4464874150890     
        1187   1365.7642797728240        1365.3978371352471     
        1188   1365.7295519457182        1365.3619689678601     
        1189   1365.6730578573615        1365.3022870513419     
        1190   1365.6334016420828        1365.2609020103089     
        1191   1365.6005333255557        1365.2270974853511     
        1192   1365.6105674964206        1365.2405632958717     
        1193   1365.6847573748357        1365.3237907686464     
        1194   1365.7780765015696        1365.4275948338466     
        1195   1365.8267316122942        1365.4822044614623     
        1196   1365.8815591724190        1365.5432051264881     
        1197   1365.8376253802248        1365.4954246867887     
        1198   1365.7841435267273        1365.4370218829231     
        1199   1365.7431708628064        1365.3920524745879     
        1200   1365.6779458315659        1365.3199319546525     
        1201   1365.6308020159192        1365.2672685030786     
        1202   1365.5909156765451        1365.2220039289866     
        1203   1365.6219907069453        1365.2535135926823     
        1204   1365.6853169788546        1365.3201272501485     
        1205   1365.7656714844989        1365.4046966037599     
        1206   1365.8053863010120        1365.4441703759810     
        1207   1365.8506704924773        1365.4893919684646     
        1208   1365.8062768461621        1365.4358272569266     
        1209   1365.7534875147740        1365.3727492945327     
        1210   1365.7121138688562        1365.3222317798443     
        1211   1365.6489289497167        1365.2475534225484     
        1212   1365.6025939299955        1365.1912855751073     
        1213   1365.5631935789306        1365.1428456849821     
        1214   1365.6078050877456        1365.1856225801725     
        1215   1365.6516276953755        1365.2295213603641     
        1216   1365.7085111451941        1365.2883125511212     
        1217   1365.7363722417363        1365.3152030942515     
        1218   1365.7689063396911        1365.3475460032130     
        1219   1365.7366719030547        1365.3082206982128     
        1220   1365.6985980713675        1365.2627784718013     
        1221   1365.6692806495760        1365.2274413331866     
        1222   1365.6245842624685        1365.1753438558740     
        1223   1365.5925548790212        1365.1379895495825     
        1224   1365.5662468499515        1365.1077311341194     
        1225   1365.5857096762898        1365.1288490030188     
        1226   1365.6308096243492        1365.1795258451791     
        1227   1365.6883122841191        1365.2448839035160     
        1228   1365.7190577110664        1365.2808279511387     
        1229   1365.7541887921896        1365.3220192487659     
        1230   1365.7288270132951        1365.2961885840475     
        1231   1365.6981319715544        1365.2645722439750     
        1232   1365.6756246701057        1365.2423571574748     
        1233   1365.6384062187640        1365.2041155778247     
        1234   1365.6129298498456        1365.1791412375960     
        1235   1365.5924304387354        1365.1599970952968     
        1236   1365.5884913221134        1365.1605731841905     
        1237   1365.6493819084544        1365.2318192815123     
        1238   1365.7257077284187        1365.3199864471931     
        1239   1365.7668158337451        1365.3692043336273     
        1240   1365.8130589821956        1365.4239882840977     
        1241   1365.7809065723325        1365.3922903806326     
        1242   1365.7413963708070        1365.3522841486431     
        1243   1365.7118485879873        1365.3229912431559     
        1244   1365.6629183935827        1365.2719425912219     
        1245   1365.6283299665474        1365.2362601703419     
        1246   1365.5994960836003        1365.2063687422692     
        1247   1365.6075536366661        1365.2170112306069     
        1248   1365.6723691139891        1365.2890306827271     
        1249   1365.7537572742986        1365.3787280696101     
        1250   1365.7956489575702        1365.4246239495922     
        1251   1365.8428574734332        1365.4760076701873     
        1252   1365.8028110404873        1365.4309412294995     
        1253   1365.7542845235150        1365.3760876507536     
        1254   1365.7166718056806        1365.3327779147414     
        1255   1365.6572146796018        1365.2650018389224     
        1256   1365.6137695317914        1365.2139770007143     
        1257   1365.5765762248282        1365.1693883781400     
        1258   1365.6136575159196        1365.2050351377741     
        1259   1365.6606436394375        1365.2524078802978     
        1260   1365.7208063588084        1365.3140448247759     
        1261   1365.7496786474346        1365.3406847176620     
        1262   1365.7828970947235        1365.3719688980082     
        1263   1365.7467874155418        1365.3260395317657     
        1264   1365.7040522650173        1365.2725806465321     
        1265   1365.6701141115418        1365.2288045715702     
        1266   1365.6191819089534        1365.1658833435213     
        1267   1365.5812008944101        1365.1172433399695     
        1268   1365.5485686235768        1365.0745491063983     
        1269   1365.5968172611149        1365.1195813040549     
        1270   1365.6184511900217        1365.1381241899612     
        1271   1365.6473369753305        1365.1650130662165     
        1272   1365.6596159954620        1365.1729896084412     
        1273   1365.6744233186937        1365.1837608273825     
        1274   1365.6523528576861        1365.1521751873247     
        1275   1365.6269502700982        1365.1168395938030     
        1276   1365.6064533739632        1365.0874347571332     
        1277   1365.5772326238707        1365.0481445799571     
        1278   1365.5550830867840        1365.0172774072696     
        1279   1365.5361439631311        1364.9903597607013     
        1280   1365.5721800967135        1365.0241658903649     
        1281   1365.5754608512300        1365.0250037422531     
        1282   1365.5808069546349        1365.0289677315272     
        1283   1365.5818524052872        1365.0269888609182     
        1284   1365.5837559581596        1365.0263228445497     
        1285   1365.5758380429959        1365.0122560399586     
        1286   1365.5671899761876        1364.9973990211017     
        1287   1365.5601443152502        1364.9849485707164     
        1288   1365.5508530706779        1364.9698058488525     
        1289   1365.5438511169257        1364.9579837641531     
        1290   1365.5379379236629        1364.9478557699090     
        1291   1365.5501999999999        1364.9632555412350     
        1292   1365.5486000000001        1364.9594830699173     
        1293   1365.5470000000000        1364.9560179289429     
        1294   1365.5456999999999        1364.9529360014681     
        1295   1365.5444000000000        1364.9501565285777     
        1296   1365.5433000000000        1364.9476396776920     
        1297   1365.5424000000000        1364.9454193575339     
        1298   1365.5416000000000        1364.9437038950791     
        1299   1365.5409999999999        1364.9422793111050     
        1300   1365.5405000000001        1364.9411617737935     
        1301   1365.5401999999999        1364.9402471783951     
        1302   1365.5399000000000        1364.9396999999999     
        1303   1365.5396000000001        1364.9391000000001     
        1304   1365.5395000000001        1364.9386999999999     
        1305   1365.5392999999999        1364.9383000000000     
        1306   1365.5391999999999        1364.9381000000001     
        1307   1365.5391000000000        1364.9377999999999     
        1308   1365.5390000000000        1364.9376000000000     
        1309   1365.5389000000000        1364.9375000000000     
        1310   1365.5389000000000        1364.9374000000000     
        1311   1365.5389000000000        1364.9373000000001     
        1312   1365.5389000000000        1364.9374000000000     
        1313   1365.5389000000000        1364.9375000000000     
        1314   1365.5390000000000        1364.9376999999999     
        1315   1365.5391999999999        1364.9380000000001     
        1316   1365.5393999999999        1364.9385000000000     
        1317   1365.5397000000000        1364.9392000000000     
        1318   1365.5401999999999        1364.9403000000000     
        1319   1365.5409000000000        1364.9420000000000     
        1320   1365.5418999999999        1364.9441999999999     
        1321   1365.5432000000001        1364.9472000000001     
        1322   1365.5446999999999        1364.9508000000001     
        1323   1365.5465999999999        1364.9549999999999     
        1324   1365.5425629728736        1364.9494196368853     
        1325   1365.5486629945342        1364.9610471145334     
        1326   1365.5559748867738        1364.9750861023019     
        1327   1365.5613695934319        1364.9858057285871     
        1328   1365.5674031276023        1364.9978984585166     
        1329   1365.5687770543743        1365.0023640641850     
        1330   1365.5701720875065        1365.0072196539006     
        1331   1365.5726376713944        1365.0143094345185     
        1332   1365.5744441332283        1365.0203694959976     
        1333   1365.5776233067309        1365.0290748329683     
        1334   1365.5816085778670        1365.0392670564092     
        1335   1365.5481615688554        1365.0121446856831     
        1336   1365.5838256501106        1365.0603297526336     
        1337   1365.6274289211262        1365.1180779743167     
        1338   1365.6536094326325        1365.1562295545320     
        1339   1365.6827814320895        1365.1982489853117     
        1340   1365.6728906963149        1365.1957744953645     
        1341   1365.6596371909798        1365.1900052906772     
        1342   1365.6518123252674        1365.1907095595641     
        1343   1365.6346571919007        1365.1809849539850     
        1344   1365.6250417453280        1365.1801805032619     
        1345   1365.6186322954268        1365.1832331340870     
        1346   1365.5740137437879        1365.1477185036392     
        1347   1365.6510690976490        1365.2432963056979     
        1348   1365.7462929896201        1365.3588060727859     
        1349   1365.8001398943966        1365.4289006016254     
        1350   1365.8599370964600        1365.5055359158719     
        1351   1365.8275014063811        1365.4808464858852     
        1352   1365.7864143183601        1365.4462710710500     
        1353   1365.7570009670412        1365.4243379882676     
        1354   1365.7048040142713        1365.3770269821796     
        1355   1365.6696763557725        1365.3481804534988     
        1356   1365.6416002082149        1365.3265931581834     
        1357   1365.6161900122172        1365.3095710297148     
        1358   1365.7242870379564        1365.4354485510867     
        1359   1365.8587775732665        1365.5894310262599     
        1360   1365.9309819196785        1365.6748341007806     
        1361   1366.0112916281732        1365.7681165305353     
        1362   1365.9535692232887        1365.7102806115975     
        1363   1365.8821187769320        1365.6364227010674     
        1364   1365.8275902373978        1365.5798184551836     
        1365   1365.7386967353327        1365.4850729990878     
        1366   1365.6750559767986        1365.4168022789590     
        1367   1365.6216084865255        1365.3587524872610     
        1368   1365.6518827747561        1365.3908502650504     
        1369   1365.7514604427331        1365.4973168046483     
        1370   1365.8768998376713        1365.6309587457972     
        1371   1365.9399258259500        1365.6954889610040     
        1372   1366.0107465338210        1365.7672886357966     
        1373   1365.9436971903344        1365.6881206511380     
        1374   1365.8630348473091        1365.5930446612463     
        1375   1365.7994733492692        1365.5158027521875     
        1376   1365.7020864374178        1365.4010564062862     
        1377   1365.6300217164589        1365.3135563877595     
        1378   1365.5685375083324        1365.2370654373533     
        1379   1365.6453060648403        1365.3092835333202     
        1380   1365.7038850580511        1365.3635399538480     
        1381   1365.7802524879130        1365.4370362497771     
        1382   1365.8155553632685        1365.4653571930774     
        1383   1365.8568482284659        1365.5001546000694     
        1384   1365.8069265529746        1365.4350067428991     
        1385   1365.7487387171645        1365.3607638122107     
        1386   1365.7025052676463        1365.2999359187932     
        1387   1365.6342123260865        1365.2150691289694     
        1388   1365.5833155471803        1365.1494821607014     
        1389   1365.5397979984534        1365.0923773337829     
        1390   1365.6064510673086        1365.1545894779156     
        1391   1365.6329894590385        1365.1764242155823     
        1392   1365.6691383449406        1365.2094667353774     
        1393   1365.6850531817724        1365.2204334143689     
        1394   1365.7045852061658        1365.2359181959284     
        1395   1365.6785720144767        1365.2004526962680     
        1396   1365.6487943758880        1365.1611561025504     
        1397   1365.6252878504088        1365.1293240458849     
        1398   1365.5908691085001        1365.0854899264580     
        1399   1365.5653121589212        1365.0518685528418     
        1400   1365.5435714231544        1365.0229439048901     
        1401   1365.5769522976450        1365.0548190432642     
        1402   1365.5911193182374        1365.0682741515295     
        1403   1365.6101108327803        1365.0878825624752     
        1404   1365.6188122472386        1365.0954738995492     
        1405   1365.6293621856023        1365.1055247745635     
        1406   1365.6165314668178        1365.0877589239096     
        1407   1365.6017120879542        1365.0676648306815     
        1408   1365.5900572886712        1365.0515508240060     
        1409   1365.5726479962320        1365.0287265602058     
        1410   1365.5598842320248        1365.0114406889113     
        1411   1365.5489764324936        1364.9965835444177     
        1412   1365.5646035750424        1365.0120447520878     
        1413   1365.5730704143994        1365.0216201544010     
        1414   1365.5842912258677        1365.0347506496112     
        1415   1365.5894344360713        1365.0401689754085     
        1416   1365.5955663357843        1365.0467442481072     
        1417   1365.5881654236669        1365.0358017312908     
        1418   1365.5795084513463        1365.0232240033629     
        1419   1365.5725102247018        1365.0129359112857     
        1420   1365.5623095255025        1364.9983484712920     
        1421   1365.5546600909554        1364.9870824137424     
        1422   1365.5480757845153        1364.9772030009669     
        1423   1365.5597272270534        1364.9887092545530     
        1424   1365.5620874627932        1364.9917812413141     
        1425   1365.5653489749086        1364.9963499620703     
        1426   1365.5661175621892        1364.9967331586988     
        1427   1365.5672214294850        1364.9974845111474     
        1428   1365.5630197100563        1364.9892840839555     
        1429   1365.5583441109652        1364.9801806339899     
        1430   1365.5541320420180        1364.9720015830203     
        1431   1365.5486740339234        1364.9615111995968     
        1432   1365.5440785532840        1364.9523518873684     
        1433   1365.5397849184692        1364.9437735314552     
        1434   1365.5445999999999        1364.9504999999999     
        1435   1365.5420999999999        1364.9447000000000     
        1436   1365.5395000000001        1364.9386999999999     
        1437   1365.5368000000001        1364.9326000000001     
        1438   1365.5340000000001        1364.9263000000001     
        1439   1365.5313000000001        1364.9200000000001     
        1440   1365.5284999999999        1364.9136000000001     
        1441   1365.5256999999999        1364.9072000000001     
        1442   1365.5228999999999        1364.9009000000001     
        1443   1365.5201999999999        1364.8947000000001     
        1444   1365.5175999999999        1364.8887000000000     
        1445   1365.5151000000001        1364.8830000000000     
        1446   1365.5128000000000        1364.8777000000000     
        1447   1365.5107000000000        1364.8730000000000     
        1448   1365.5089000000000        1364.8688000000000     
        1449   1365.5072000000000        1364.8651000000000     
        1450   1365.5057999999999        1364.8617999999999     
        1451   1365.5046000000000        1364.8589999999999     
        1452   1365.5035000000000        1364.8566000000001     
        1453   1365.5027000000000        1364.8547000000001     
        1454   1365.5021999999999        1364.8534999999999     
        1455   1365.5020000000000        1364.8530000000001     
        1456   1365.5020999999999        1364.8533000000000     
        1457   1365.5025000000001        1364.8543000000000     
        1458   1365.5032000000001        1364.8559000000000     
        1459   1365.5042000000001        1364.8580999999999     
        1460   1365.5054000000000        1364.8607999999999     
        1461   1365.5066999999999        1364.8638000000001     
        1462   1365.5081000000000        1364.8670999999999     
        1463   1365.5097000000001        1364.8707999999999     
        1464   1365.5114000000001        1364.8747000000001     
        1465   1365.5133000000001        1364.8788999999999     
        1466   1365.5152000000000        1364.8833000000000     
        1467   1365.5173000000000        1364.8879999999999     
        1468   1365.5193999999999        1364.8928000000001     
        1469   1365.5215000000001        1364.8976000000000     
        1470   1365.5236000000000        1364.9023999999999     
        1471   1365.5255999999999        1364.9070999999999     
        1472   1365.5275999999999        1364.9117000000001     
        1473   1365.5296000000001        1364.9161999999999     
        1474   1365.5316000000000        1364.9205999999999     
        1475   1365.5334000000000        1364.9249000000000     
        1476   1365.5352000000000        1364.9289000000001     
        1477   1365.5369000000001        1364.9328000000000     
        1478   1365.5383999999999        1364.9364000000000     
        1479   1365.5399000000000        1364.9396999999999     
        1480   1365.5413000000001        1364.9429000000000     
        1481   1365.5427000000000        1364.9459999999999     
        1482   1365.5440000000001        1364.9490000000001     
        1483   1365.5453000000000        1364.9519000000000     
        1484   1365.5464999999999        1364.9548000000000     
        1485   1365.5478000000001        1364.9576999999999     
        1486   1365.5491000000000        1364.9607000000001     
        1487   1365.5504000000001        1364.9637000000000     
        1488   1365.5517000000000        1364.9666999999999     
        1489   1365.5484693273627        1364.9609522451287     
        1490   1365.5524747010077        1364.9690068989619     
        1491   1365.5570270901458        1364.9782873911608     
        1492   1365.5598688123609        1364.9839027107462     
        1493   1365.5628606746695        1364.9898954760415     
        1494   1365.5619434464238        1364.9885177797441     
        1495   1365.5606726739838        1364.9864652689605     
        1496   1365.5599969369898        1364.9855576388898     
        1497   1365.5584916506034        1364.9829757655821     
        1498   1365.5577044705656        1364.9818645513724     
        1499   1365.5572170929236        1364.9814255739675     
        1500   1365.5527081635864        1364.9784413023781     
        1501   1365.5603523433731        1364.9901132636226     
        1502   1365.5697923647929        1365.0042340487498     
        1503   1365.5750199054016        1365.0123180222583     
        1504   1365.5808487882828        1365.0213554761167     
        1505   1365.5775205339075        1365.0170962772022     
        1506   1365.5730423515331        1365.0113307821734     
        1507   1365.5695542452315        1365.0065543527401     
        1508   1365.5634314817980        1364.9978062920429     
        1509   1365.5587350617798        1364.9908084169558     
        1510   1365.5545593732993        1364.9843334704624     
        1511   1365.5559154010480        1364.9858620670425     
        1512   1365.5624789385963        1364.9949450100607     
        1513   1365.5711701003881        1365.0072063292127     
        1514   1365.5758759991302        1365.0141631620352     
        1515   1365.5813938826345        1365.0221833708556     
        1516   1365.5774925668616        1365.0169562376614     
        1517   1365.5724262811559        1365.0099088219947     
        1518   1365.5683711333600        1365.0039700557361     
        1519   1365.5619417797129        1364.9947228848444     
        1520   1365.5574693221197        1364.9881543081553     
        1521   1365.5540303514922        1364.9835205203701     
        1522   1365.5533741837110        1364.9844072328876     
        1523   1365.5633065891318        1364.9984913144228     
        1524   1365.5758175173744        1365.0162398917264     
        1525   1365.5829816237576        1365.0269417676050     
        1526   1365.5908421847344        1365.0386032831755     
        1527   1365.5867744713985        1365.0345287867733     
        1528   1365.5818810612827        1365.0295566117857     
        1529   1365.5789638609212        1365.0277814984913     
        1530   1365.5736869435727        1365.0232686420763     
        1531   1365.5711965013434        1365.0228978169466     
        1532   1365.5698606401743        1365.0243970102074     
        1533   1365.5551558295347        1365.0138015415034     
        1534   1365.5803788732369        1365.0470733751627     
        1535   1365.6113129616740        1365.0871544821473     
        1536   1365.6293397464362        1365.1122423400561     
        1537   1365.6497123747406        1365.1407103009635     
        1538   1365.6410540304357        1365.1359572434349     
        1539   1365.6302454605354        1365.1291815230904     
        1540   1365.6235877788031        1365.1274182013383     
        1541   1365.6093991183914        1365.1168817542737     
        1542   1365.6003966180449        1365.1115910648923     
        1543   1365.5930262850395        1365.1077331654976     
        1544   1365.5707219437813        1365.0895402687397     
        1545   1365.6166755929210        1365.1453980574377     
        1546   1365.6741539247512        1365.2144130321758     
        1547   1365.7063277115251        1365.2556720266111     
        1548   1365.7425601126820        1365.3017358276647     
        1549   1365.7215569769423        1365.2840695527918     
        1550   1365.6951414729367        1365.2599602683508     
        1551   1365.6757643900301        1365.2432724340713     
        1552   1365.6420198632443        1365.2100590541854     
        1553   1365.6188656292627        1365.1885169032068     
        1554   1365.6003162372804        1365.1721143725567     
        1555   1365.5887858505969        1365.1653988598118     
        1556   1365.6525850907308        1365.2406200835003     
        1557   1365.7322810572703        1365.3332681966820     
        1558   1365.7751734896156        1365.3848796990483     
        1559   1365.8226889824127        1365.4409601262437     
        1560   1365.7887458211876        1365.4064695700506     
        1561   1365.7469791274748        1365.3632839649815     
        1562   1365.7160469449248        1365.3321131545749     
        1563   1365.6657336567473        1365.2803327436548     
        1564   1365.6314018992177        1365.2468009399329     
        1565   1365.6038500316799        1365.2212032653783     
        1566   1365.6032113626750        1365.2263124718452     
        1567   1365.6808743905501        1365.3158717259078     
        1568   1365.7778056812535        1365.4259621994011     
        1569   1365.8292966120648        1365.4859461387819     
        1570   1365.8873735121724        1365.5531398633541     
        1571   1365.8454603984014        1365.5111442123018     
        1572   1365.7948387760362        1365.4603583607798     
        1573   1365.7577510028441        1365.4250409105409     
        1574   1365.6964890093257        1365.3636310682718     
        1575   1365.6541341262107        1365.3228191974733     
        1576   1365.6192727772725        1365.2896485278798     
        1577   1365.6161472026174        1365.2916956509041     
        1578   1365.7116923962167        1365.3999842306011     
        1579   1365.8319474036141        1365.5353510466844     
        1580   1365.8966748900405        1365.6109246498786     
        1581   1365.9704095517800        1365.6973315303660     
        1582   1365.9199667517350        1365.6495039923172     
        1583   1365.8585240552288        1365.5902502963386     
        1584   1365.8134236277579        1365.5491758490207     
        1585   1365.7377243917088        1365.4744043145506     
        1586   1365.6851864513117        1365.4246785813966     
        1587   1365.6423851220359        1365.3851597201476     
        1588   1365.6326828688784        1365.3829529343329     
        1589   1365.7578029166586        1365.5254748117161     
        1590   1365.9146156481668        1365.7026994061052     
        1591   1365.9988520726829        1365.8012707122498     
        1592   1366.0936008753115        1365.9109283729824     
        1593   1366.0262461993502        1365.8445737908471     
        1594   1365.9431921499611        1365.7606845702574     
        1595   1365.8806403448066        1365.6979272220033     
        1596   1365.7780517204960        1365.5913852573640     
        1597   1365.7056292881130        1365.5171185108832     
        1598   1365.6456261936980        1365.4558185963494     
        1599   1365.6661704277049        1365.4818059004263     
        1600   1365.7986294628624        1365.6273693002859     
        1601   1365.9648005297263        1365.8082418363267     
        1602   1366.0500809768910        1365.9000183780142     
        1603   1366.1453848387425        1366.0007549521445     
        1604   1366.0621893299847        1365.9068295006939     
        1605   1365.9614654641182        1365.7925518908783     
        1606   1365.8831447170173        1365.7018309970756     
        1607   1365.7614300224197        1365.5639355763376     
        1608   1365.6731840203968        1365.4621977060356     
        1609   1365.5988691220516        1365.3756135113415     
        1610   1365.6715659187205        1365.4471624490395     
        1611   1365.7726125451875        1365.5502514831685     
        1612   1365.9016570581139        1365.6828462179990     
        1613   1365.9649703561611        1365.7434958386816     
        1614   1366.0370927608301        1365.8129608288882     
        1615   1365.9641121164470        1365.7244451364827     
        1616   1365.8775914457401        1365.6212498580594     
        1617   1365.8100896088151        1365.5389690341367     
        1618   1365.7076508366424        1365.4191551091744     
        1619   1365.6329109662172        1365.3299547189354     
        1620   1365.5698681210035        1365.2538176905980     
        1621   1365.6424574363602        1365.3240521663149     
        1622   1365.7143786281388        1365.3954212126000     
        1623   1365.8072486914957        1365.4900690907093     
        1624   1365.8529037988339        1365.5335824001077     
        1625   1365.9059067201372        1365.5852897757118     
        1626   1365.8533095188391        1365.5219560101425     
        1627   1365.7908923832083        1365.4478889071770     
        1628   1365.7419251992144        1365.3881507102210     
        1629   1365.6666391384354        1365.2990920887339     
        1630   1365.6107989777652        1365.2306346390562     
        1631   1365.5627860358411        1365.1701789659642     
        1632   1365.6209371279945        1365.2242245686357     
        1633   1365.6665361868927        1365.2668660863717     
        1634   1365.7264614503572        1365.3259362838180     
        1635   1365.7550956784480        1365.3509747749074     
        1636   1365.7888931325942        1365.3821795997874     
        1637   1365.7516797780365        1365.3350123774321     
        1638   1365.7078754908669        1365.2801431376627     
        1639   1365.6727998809556        1365.2346982418549     
        1640   1365.6201951860180        1365.1693546547410     
        1641   1365.5807777581481        1365.1185426647642     
        1642   1365.5471493837019        1365.0743227219275     
        1643   1365.5946117895985        1365.1187965973440     
        1644   1365.6189543722980        1365.1409591187296     
        1645   1365.6515103041820        1365.1730586754738     
        1646   1365.6664736513321        1365.1850924039738     
        1647   1365.6840533189109        1365.2003187221590     
        1648   1365.6617921065410        1365.1700743965130     
        1649   1365.6359330267660        1365.1357003902306     
        1650   1365.6155517309007        1365.1078488170544     
        1651   1365.5858478870355        1365.0698764359890     
        1652   1365.5641550194543        1365.0415952312608     
        1653   1365.5459979112106        1365.0179007588563     
        1654   1365.5740369397497        1365.0455789751823     
        1655   1365.5877512390414        1365.0596728234234     
        1656   1365.6056298293663        1365.0786308697141     
        1657   1365.6136431849823        1365.0856628924905     
        1658   1365.6231844496144        1365.0946241605022     
        1659   1365.6111817600054        1365.0777527778605     
        1660   1365.5974608855636        1365.0592373063664     
        1661   1365.5868658898810        1365.0446440678911     
        1662   1365.5709646198620        1365.0236247549847     
        1663   1365.5589626148401        1365.0070697881170     
        1664   1365.5481720129706        1364.9914873872992     
        1665   1365.5657221970230        1365.0076088809408     
        1666   1365.5692480894447        1365.0102293999007     
        1667   1365.5745850698720        1365.0155051606173     
        1668   1365.5765036554590        1365.0160584129655     
        1669   1365.5793952033441        1365.0187338094438     
        1670   1365.5741617793635        1365.0100897357472     
        1671   1365.5684185392060        1365.0009836560723     
        1672   1365.5639092102222        1364.9938046265859     
        1673   1365.5570706873580        1364.9831704148378     
        1674   1365.5516770342069        1364.9742964281572     
        1675   1365.5466700981171        1364.9657078124212     
        1676   1365.5572999999999        1364.9758903247478     
        1677   1365.5554000000000        1364.9737635010604     
        1678   1365.5535000000000        1364.9721153512253     
        1679   1365.5515000000000        1364.9691420371496     
        1680   1365.5495000000001        1364.9661624935284     
        1681   1365.5474999999999        1364.9602322465744     
        1682   1365.5455999999999        1364.9543281274141     
        1683   1365.5441000000001        1364.9497074863361     
        1684   1365.5431000000001        1364.9454667719360     
        1685   1365.5427999999999        1364.9432823369852     
        1686   1365.5429999999999        1364.9426301432784     
        1687   1365.5436000000000        1364.9472489822251     
        1688   1365.5443000000000        1364.9494759288905     
        1689   1365.5450000000001        1364.9516431910258     
        1690   1365.5454000000000        1364.9529891304628     
        1691   1365.5455999999999        1364.9538820549026     
        1692   1365.5456999999999        1364.9536594997594     
        1693   1365.5456999999999        1364.9533705367301     
        1694   1365.5459000000001        1364.9533745585613     
        1695   1365.5462000000000        1364.9538039787121     
        1696   1365.5470000000000        1364.9550682841916     
        1697   1365.5481000000000        1364.9574889029800     
        1698   1365.5416710933075        1364.9498688128585     
        1699   1365.5491044785074        1364.9629280717945     
        1700   1365.5584781545926        1364.9797534678562     
        1701   1365.5653825619597        1364.9930474059067     
        1702   1365.5730357692385        1365.0078331953825     
        1703   1365.5739547282328        1365.0120835896982     
        1704   1365.5738393602744        1365.0146561317574     
        1705   1365.5743121820558        1365.0177978704710     
        1706   1365.5728172116833        1365.0176686096167     
        1707   1365.5725106635757        1365.0194255273630     
        1708   1365.5731420191967        1365.0229116553023     
        1709   1365.5461014617335        1365.0000672852066     
        1710   1365.5768256664505        1365.0416755052565     
        1711   1365.6152932058048        1365.0934879243971     
        1712   1365.6391184958059        1365.1291287125362     
        1713   1365.6657018090632        1365.1685827571707     
        1714   1365.6583003304213        1365.1690425789020     
        1715   1365.6479073961348        1365.1664088637440     
        1716   1365.6423831639067        1365.1698468688721     
        1717   1365.6289678572309        1365.1646737119277     
        1718   1365.6226349213466        1365.1684027352776     
        1719   1365.6195083120399        1365.1764638457255     
        1720   1365.5697562855835        1365.1372756998696     
        1721   1365.6477137802385        1365.2352465687570     
        1722   1365.7433338709689        1365.3524410444220     
        1723   1365.7977195819683        1365.4240684224444     
        1724   1365.8581201152865        1365.5025003018295     
        1725   1365.8274279632005        1365.4812599642007     
        1726   1365.7887345529507        1365.4519849250380     
        1727   1365.7624446732796        1365.4368804106152     
        1728   1365.7140030212215        1365.3975328085737     
        1729   1365.6822288213068        1365.3762455191002     
        1730   1365.6566636142379        1365.3600739751882     
        1731   1365.6218803936431        1365.3342442332564     
        1732   1365.7358657356340        1365.4662922248583     
        1733   1365.8772125293046        1365.6270148724122     
        1734   1365.9530825436182        1365.7159344981603     
        1735   1366.0381829495341        1365.8148925832788     
        1736   1365.9781561823552        1365.7561183775545     
        1737   1365.9042593049855        1365.6819319509761     
        1738   1365.8484233850722        1365.6265056744610     
        1739   1365.7560714324720        1365.5300604923780     
        1740   1365.6897794868969        1365.4601951317343     
        1741   1365.6338100773899        1365.4004208070496     
        1742   1365.6513521530881        1365.4201130530573     
        1743   1365.7680667582665        1365.5469494043168     
        1744   1365.9160536413385        1365.7081201140707     
        1745   1365.9934139481700        1365.7930970780571     
        1746   1366.0812454033346        1365.8894031097727     
        1747   1366.0108467857251        1365.8142148189024     
        1748   1365.9253897451795        1365.7222555349013     
        1749   1365.8601575472262        1365.6516189441061     
        1750   1365.7560849677561        1365.5386538445223     
        1751   1365.6818860537435        1365.4583253396947     
        1752   1365.6205173546523        1365.3922552987478     
        1753   1365.6535322066491        1365.4288868170174     
        1754   1365.7725167500964        1365.5586208402087     
        1755   1365.9228714989993        1365.7222211624023     
        1756   1366.0010594165833        1365.8075095940367     
        1757   1366.0897852148478        1365.9043052150716     
        1758   1366.0184419686716        1365.8283941071718     
        1759   1365.9332046426020        1365.7383602516861     
        1760   1365.8701221279068        1365.6742015980349     
        1761   1365.7694796350911        1365.5710525149514     
        1762   1365.7002894657342        1365.5034513812868     
        1763   1365.6443293463458        1365.4509221970875     
        1764   1365.6516566620726        1365.4676967593323     
        1765   1365.7980836759411        1365.6335444702470     
        1766   1365.9814971129510        1365.8387398258863     
        1767   1366.0792245688999        1365.9512679973154     
        1768   1366.1895374812473        1366.0774731979425     
        1769   1366.1101239992629        1365.9992525032669     
        1770   1366.0135637635576        1365.9031835809938     
        1771   1365.9424126554288        1365.8354861413770     
        1772   1365.8254641535336        1365.7192065092861     
        1773   1365.7450591079230        1365.6429169571948     
        1774   1365.6800183557002        1365.5836801361272     
        1775   1365.6744134255491        1365.5899671275786     
        1776   1365.8593090524535        1365.8002041325328     
        1777   1366.0906623203700        1366.0599513234938     
        1778   1366.2141404999948        1366.2026880912588     
        1779   1366.3519755981160        1366.3593713565117     
        1780   1366.2494898195696        1366.2551190396987     
        1781   1366.1226747911248        1366.1219561401772     
        1782   1366.0245453177322        1366.0171330115343     
        1783   1365.8664329321998        1365.8453063582317     
        1784   1365.7517686891922        1365.7185429106451     
        1785   1365.6546698572727        1365.6092706297190     
        1786   1365.7252811174960        1365.6790067016470     
        1787   1365.8813506017859        1365.8401681002854     
        1788   1366.0795227269030        1366.0453584893703     
        1789   1366.1778897212164        1366.1418264005945     
        1790   1366.2892897476463        1366.2506411808129     
        1791   1366.1795060298539        1366.1193108993616     
        1792   1366.0475228845135        1365.9622069103011     
        1793   1365.9426031829505        1365.8320706847189     
        1794   1365.7824486719762        1365.6407605036213     
        1795   1365.6625287501120        1365.4914825331030     
        1796   1365.5594073650550        1365.3593380751668     
        1797   1365.6979643264574        1365.4859016494956     
        1798   1365.7764902529125        1365.5507636095076     
        1799   1365.8812794714752        1365.6452085824221     
        1800   1365.9290577018958        1365.6790594022841     
        1801   1365.9867623823375        1365.7254799514858     
        1802   1365.9158277403565        1365.6336426479374     
        1803   1365.8337419439101        1365.5305036502659     
        1804   1365.7689302716137        1365.4468097508866     
        1805   1365.6727333291585        1365.3292684698051     
        1806   1365.6014142615065        1365.2392388821818     
        1807   1365.5409144678317        1365.1617194170115     
        1808   1365.6239049140636        1365.2398369394307     
        1809   1365.6729202101508        1365.2848766855986     
        1810   1365.7383376673858        1365.3494961567462     
        1811   1365.7704711464030        1365.3790190254513     
        1812   1365.8090616236152        1365.4172271437308     
        1813   1365.7721449973362        1365.3738840368806     
        1814   1365.7296808869073        1365.3263468234350     
        1815   1365.6990247417114        1365.2936630020213     
        1816   1365.6510762088726        1365.2439237500087     
        1817   1365.6189453907218        1365.2133187255456     
        1818   1365.5938755768502        1365.1914078346892     
        1819   1365.5944942388351        1365.1993960909215     
        1820   1365.6699765338540        1365.2883264737818     
        1821   1365.7637736133925        1365.3967685234320     
        1822   1365.8142138002095        1365.4573388164881     
        1823   1365.8710206816152        1365.5245774948648     
        1824   1365.8326994097797        1365.4883255764521     
        1825   1365.7863208873550        1365.4440659869417     
        1826   1365.7532443589882        1365.4152991571766     
        1827   1365.6972800718761        1365.3622086166165     
        1828   1365.6597063160159        1365.3293359510885     
        1829   1365.6294434314768        1365.3045953060619     
        1830   1365.6130946007613        1365.2961974525608     
        1831   1365.7173689669301        1365.4172530359019     
        1832   1365.8474787121916        1365.5661023786549     
        1833   1365.9177673890088        1365.6499589576676     
        1834   1365.9965740806717        1365.7425897760884     
        1835   1365.9420243335292        1365.6895484974320     
        1836   1365.8741526771189        1365.6210164732413     
        1837   1365.8224342579274        1365.5686342794718     
        1838   1365.7371186916282        1365.4784447210382     
        1839   1365.6761309476233        1365.4136539669728     
        1840   1365.6251920753091        1365.3594184484386     
        1841   1365.6408591227453        1365.3779455076972     
        1842   1365.7492433943394        1365.4969784689222     
        1843   1365.8862420886301        1365.6474353398503     
        1844   1365.9580426998323        1365.7268763977881     
        1845   1366.0390914401203        1365.8162724078436     
        1846   1365.9744429039449        1365.7472849783203     
        1847   1365.8961991876902        1365.6634620173450     
        1848   1365.8370515319530        1365.6004318461210     
        1849   1365.7426219289973        1365.4996214803809     
        1850   1365.6761032541301        1365.4294382837336     
