TSI from Vieira, Krivova et al (calibrated to WLS)
Year 
TSI (W/m2)
Year  Vieira_Krivova 
0850. 1365.66
0851. 1365.43
0852. 1365.29
0853. 1365.29
0854. 1365.43
0855. 1365.66
0856. 1365.91
0857. 1366.1
0858. 1366.16
0859. 1366.09
0860. 1365.89
0861. 1365.64
0862. 1365.42
0863. 1365.28
0864. 1365.28
0865. 1365.41
0866. 1365.63
0867. 1365.86
0868. 1366.04
0869. 1366.1
0870. 1366.03
0871. 1365.84
0872. 1365.61
0873. 1365.39
0874. 1365.26
0875. 1365.26
0876. 1365.37
0877. 1365.56
0878. 1365.76
0879. 1365.89
0880. 1365.93
0881. 1365.84
0882. 1365.67
0883. 1365.46
0884. 1365.27
0885. 1365.16
0886. 1365.15
0887. 1365.23
0888. 1365.36
0889. 1365.49
0890. 1365.58
0891. 1365.58
0892. 1365.51
0893. 1365.38
0894. 1365.23
0895. 1365.11
0896. 1365.05
0897. 1365.04
0898. 1365.11
0899. 1365.21
0900. 1365.32
0901. 1365.41
0902. 1365.44
0903. 1365.41
0904. 1365.32
0905. 1365.21
0906. 1365.12
0907. 1365.07
0908. 1365.08
0909. 1365.17
0910. 1365.33
0911. 1365.51
0912. 1365.67
0913. 1365.76
0914. 1365.75
0915. 1365.64
0916. 1365.48
0917. 1365.32
0918. 1365.22
0919. 1365.24
0920. 1365.37
0921. 1365.61
0922. 1365.88
0923. 1366.11
0924. 1366.22
0925. 1366.18
0926. 1365.98
0927. 1365.71
0928. 1365.47
0929. 1365.32
0930. 1365.32
0931. 1365.46
0932. 1365.7
0933. 1365.97
0934. 1366.17
0935. 1366.24
0936. 1366.15
0937. 1365.94
0938. 1365.68
0939. 1365.44
0940. 1365.29
0941. 1365.29
0942. 1365.42
0943. 1365.64
0944. 1365.87
0945. 1366.05
0946. 1366.11
0947. 1366.03
0948. 1365.85
0949. 1365.61
0950. 1365.39
0951. 1365.26
0952. 1365.26
0953. 1365.38
0954. 1365.59
0955. 1365.81
0956. 1365.98
0957. 1366.03
0958. 1365.96
0959. 1365.78
0960. 1365.56
0961. 1365.35
0962. 1365.23
0963. 1365.23
0964. 1365.34
0965. 1365.53
0966. 1365.74
0967. 1365.88
0968. 1365.93
0969. 1365.86
0970. 1365.69
0971. 1365.49
0972. 1365.3
0973. 1365.19
0974. 1365.18
0975. 1365.28
0976. 1365.44
0977. 1365.61
0978. 1365.74
0979. 1365.77
0980. 1365.7
0981. 1365.56
0982. 1365.38
0983. 1365.22
0984. 1365.12
0985. 1365.12
0986. 1365.2
0987. 1365.33
0988. 1365.48
0989. 1365.58
0990. 1365.62
0991. 1365.57
0992. 1365.45
0993. 1365.3
0994. 1365.17
0995. 1365.09
0996. 1365.09
0997. 1365.16
0998. 1365.29
0999. 1365.43
1000. 1365.54
1001. 1365.58
1002. 1365.54
1003. 1365.44
1004. 1365.3
1005. 1365.17
1006. 1365.09
1007. 1365.09
1008. 1365.15
1009. 1365.27
1010. 1365.39
1011. 1365.48
1012. 1365.51
1013. 1365.46
1014. 1365.36
1015. 1365.23
1016. 1365.11
1017. 1365.04
1018. 1365.03
1019. 1365.08
1020. 1365.15
1021. 1365.23
1022. 1365.27
1023. 1365.27
1024. 1365.23
1025. 1365.15
1026. 1365.07
1027. 1365
1028. 1364.96
1029. 1364.95
1030. 1364.98
1031. 1365.03
1032. 1365.09
1033. 1365.12
1034. 1365.12
1035. 1365.1
1036. 1365.06
1037. 1365.01
1038. 1364.96
1039. 1364.94
1040. 1364.94
1041. 1364.97
1042. 1365.02
1043. 1365.08
1044. 1365.13
1045. 1365.15
1046. 1365.15
1047. 1365.11
1048. 1365.05
1049. 1365
1050. 1364.96
1051. 1364.97
1052. 1365.01
1053. 1365.09
1054. 1365.17
1055. 1365.24
1056. 1365.27
1057. 1365.26
1058. 1365.2
1059. 1365.12
1060. 1365.04
1061. 1365
1062. 1365
1063. 1365.06
1064. 1365.15
1065. 1365.25
1066. 1365.33
1067. 1365.37
1068. 1365.36
1069. 1365.29
1070. 1365.19
1071. 1365.1
1072. 1365.04
1073. 1365.04
1074. 1365.11
1075. 1365.23
1076. 1365.37
1077. 1365.49
1078. 1365.55
1079. 1365.54
1080. 1365.46
1081. 1365.33
1082. 1365.2
1083. 1365.13
1084. 1365.14
1085. 1365.24
1086. 1365.42
1087. 1365.61
1088. 1365.78
1089. 1365.86
1090. 1365.83
1091. 1365.7
1092. 1365.51
1093. 1365.33
1094. 1365.23
1095. 1365.24
1096. 1365.36
1097. 1365.57
1098. 1365.79
1099. 1365.96
1100. 1366.03
1101. 1365.97
1102. 1365.8
1103. 1365.58
1104. 1365.38
1105. 1365.25
1106. 1365.25
1107. 1365.36
1108. 1365.55
1109. 1365.75
1110. 1365.9
1111. 1365.94
1112. 1365.86
1113. 1365.69
1114. 1365.48
1115. 1365.29
1116. 1365.18
1117. 1365.18
1118. 1365.28
1119. 1365.44
1120. 1365.61
1121. 1365.74
1122. 1365.78
1123. 1365.72
1124. 1365.58
1125. 1365.4
1126. 1365.25
1127. 1365.17
1128. 1365.18
1129. 1365.29
1130. 1365.49
1131. 1365.72
1132. 1365.91
1133. 1366
1134. 1365.97
1135. 1365.82
1136. 1365.61
1137. 1365.4
1138. 1365.28
1139. 1365.29
1140. 1365.43
1141. 1365.68
1142. 1365.96
1143. 1366.18
1144. 1366.28
1145. 1366.22
1146. 1365.97
1147. 1365.68
1148. 1365.42
1149. 1365.27
1150. 1365.25
1151. 1365.35
1152. 1365.52
1153. 1365.69
1154. 1365.79
1155. 1365.79
1156. 1365.71
1157. 1365.56
1158. 1365.37
1159. 1365.21
1160. 1365.12
1161. 1365.11
1162. 1365.18
1163. 1365.29
1164. 1365.41
1165. 1365.48
1166. 1365.54
1167. 1365.51
1168. 1365.42
1169. 1365.3
1170. 1365.17
1171. 1365.1
1172. 1365.11
1173. 1365.2
1174. 1365.34
1175. 1365.51
1176. 1365.64
1177. 1365.68
1178. 1365.64
1179. 1365.52
1180. 1365.37
1181. 1365.22
1182. 1365.13
1183. 1365.13
1184. 1365.23
1185. 1365.38
1186. 1365.54
1187. 1365.67
1188. 1365.72
1189. 1365.67
1190. 1365.55
1191. 1365.38
1192. 1365.23
1193. 1365.14
1194. 1365.14
1195. 1365.23
1196. 1365.38
1197. 1365.55
1198. 1365.68
1199. 1365.73
1200. 1365.68
1201. 1365.56
1202. 1365.39
1203. 1365.24
1204. 1365.15
1205. 1365.15
1206. 1365.23
1207. 1365.37
1208. 1365.51
1209. 1365.61
1210. 1365.64
1211. 1365.58
1212. 1365.45
1213. 1365.29
1214. 1365.16
1215. 1365.08
1216. 1365.07
1217. 1365.14
1218. 1365.26
1219. 1365.38
1220. 1365.47
1221. 1365.49
1222. 1365.45
1223. 1365.35
1224. 1365.23
1225. 1365.12
1226. 1365.06
1227. 1365.06
1228. 1365.13
1229. 1365.26
1230. 1365.4
1231. 1365.51
1232. 1365.57
1233. 1365.54
1234. 1365.45
1235. 1365.31
1236. 1365.18
1237. 1365.1
1238. 1365.11
1239. 1365.19
1240. 1365.33
1241. 1365.49
1242. 1365.61
1243. 1365.66
1244. 1365.62
1245. 1365.51
1246. 1365.35
1247. 1365.2
1248. 1365.12
1249. 1365.12
1250. 1365.2
1251. 1365.33
1252. 1365.48
1253. 1365.59
1254. 1365.62
1255. 1365.57
1256. 1365.45
1257. 1365.3
1258. 1365.17
1259. 1365.09
1260. 1365.09
1261. 1365.16
1262. 1365.27
1263. 1365.4
1264. 1365.48
1265. 1365.51
1266. 1365.46
1267. 1365.35
1268. 1365.22
1269. 1365.11
1270. 1365.04
1271. 1365.03
1272. 1365.08
1273. 1365.16
1274. 1365.25
1275. 1365.31
1276. 1365.31
1277. 1365.26
1278. 1365.18
1279. 1365.08
1280. 1365
1281. 1364.96
1282. 1364.95
1283. 1364.97
1284. 1365.01
1285. 1365.04
1286. 1365.06
1287. 1365.05
1288. 1365.02
1289. 1364.98
1290. 1364.93
1291. 1364.9
1292. 1364.88
1293. 1364.87
1294. 1364.87
1295. 1364.87
1296. 1364.88
1297. 1364.88
1298. 1364.88
1299. 1364.88
1300. 1364.87
1301. 1364.86
1302. 1364.85
1303. 1364.84
1304. 1364.84
1305. 1364.84
1306. 1364.85
1307. 1364.86
1308. 1364.87
1309. 1364.88
1310. 1364.88
1311. 1364.88
1312. 1364.87
1313. 1364.87
1314. 1364.86
1315. 1364.87
1316. 1364.87
1317. 1364.89
1318. 1364.91
1319. 1364.92
1320. 1364.93
1321. 1364.93
1322. 1364.91
1323. 1364.9
1324. 1364.88
1325. 1364.87
1326. 1364.87
1327. 1364.89
1328. 1364.92
1329. 1364.95
1330. 1364.98
1331. 1365
1332. 1365
1333. 1364.98
1334. 1364.95
1335. 1364.92
1336. 1364.92
1337. 1364.93
1338. 1364.97
1339. 1365.05
1340. 1365.14
1341. 1365.23
1342. 1365.29
1343. 1365.3
1344. 1365.26
1345. 1365.18
1346. 1365.1
1347. 1365.05
1348. 1365.06
1349. 1365.14
1350. 1365.29
1351. 1365.45
1352. 1365.59
1353. 1365.67
1354. 1365.65
1355. 1365.56
1356. 1365.4
1357. 1365.25
1358. 1365.16
1359. 1365.17
1360. 1365.28
1361. 1365.47
1362. 1365.68
1363. 1365.85
1364. 1365.93
1365. 1365.89
1366. 1365.73
1367. 1365.52
1368. 1365.33
1369. 1365.22
1370. 1365.22
1371. 1365.34
1372. 1365.53
1373. 1365.74
1374. 1365.91
1375. 1365.97
1376. 1365.87
1377. 1365.68
1378. 1365.46
1379. 1365.27
1380. 1365.16
1381. 1365.15
1382. 1365.22
1383. 1365.34
1384. 1365.46
1385. 1365.54
1386. 1365.54
1387. 1365.47
1388. 1365.35
1389. 1365.21
1390. 1365.09
1391. 1365.02
1392. 1365.01
1393. 1365.04
1394. 1365.1
1395. 1365.15
1396. 1365.19
1397. 1365.19
1398. 1365.16
1399. 1365.1
1400. 1365.03
1401. 1364.97
1402. 1364.93
1403. 1364.93
1404. 1364.95
1405. 1364.98
1406. 1365.02
1407. 1365.05
1408. 1365.06
1409. 1365.04
1410. 1365
1411. 1364.96
1412. 1364.92
1413. 1364.9
1414. 1364.9
1415. 1364.92
1416. 1364.95
1417. 1364.98
1418. 1365
1419. 1365.01
1420. 1364.99
1421. 1364.97
1422. 1364.94
1423. 1364.91
1424. 1364.89
1425. 1364.89
1426. 1364.9
1427. 1364.92
1428. 1364.93
1429. 1364.94
1430. 1364.93
1431. 1364.91
1432. 1364.89
1433. 1364.87
1434. 1364.86
1435. 1364.85
1436. 1364.85
1437. 1364.85
1438. 1364.84
1439. 1364.84
1440. 1364.83
1441. 1364.82
1442. 1364.81
1443. 1364.81
1444. 1364.81
1445. 1364.81
1446. 1364.82
1447. 1364.82
1448. 1364.82
1449. 1364.81
1450. 1364.81
1451. 1364.81
1452. 1364.82
1453. 1364.82
1454. 1364.83
1455. 1364.83
1456. 1364.84
1457. 1364.84
1458. 1364.85
1459. 1364.85
1460. 1364.87
1461. 1364.89
1462. 1364.9
1463. 1364.92
1464. 1364.92
1465. 1364.92
1466. 1364.9
1467. 1364.88
1468. 1364.87
1469. 1364.88
1470. 1364.89
1471. 1364.91
1472. 1364.93
1473. 1364.95
1474. 1364.96
1475. 1364.95
1476. 1364.93
1477. 1364.91
1478. 1364.89
1479. 1364.87
1480. 1364.87
1481. 1364.88
1482. 1364.9
1483. 1364.91
1484. 1364.93
1485. 1364.93
1486. 1364.93
1487. 1364.92
1488. 1364.9
1489. 1364.88
1490. 1364.88
1491. 1364.88
1492. 1364.89
1493. 1364.91
1494. 1364.94
1495. 1364.97
1496. 1364.98
1497. 1364.98
1498. 1364.97
1499. 1364.95
1500. 1364.92
1501. 1364.9
1502. 1364.91
1503. 1364.93
1504. 1364.98
1505. 1365.03
1506. 1365.06
1507. 1365.07
1508. 1365.06
1509. 1365.02
1510. 1364.98
1511. 1364.94
1512. 1364.91
1513. 1364.91
1514. 1364.94
1515. 1364.97
1516. 1365.01
1517. 1365.03
1518. 1365.03
1519. 1365.01
1520. 1364.98
1521. 1364.94
1522. 1364.91
1523. 1364.89
1524. 1364.89
1525. 1364.9
1526. 1364.93
1527. 1364.96
1528. 1364.98
1529. 1365
1530. 1364.99
1531. 1364.98
1532. 1364.95
1533. 1364.92
1534. 1364.9
1535. 1364.9
1536. 1364.93
1537. 1364.98
1538. 1365.04
1539. 1365.09
1540. 1365.13
1541. 1365.13
1542. 1365.1
1543. 1365.05
1544. 1365
1545. 1364.97
1546. 1364.97
1547. 1365.02
1548. 1365.11
1549. 1365.21
1550. 1365.29
1551. 1365.33
1552. 1365.32
1553. 1365.26
1554. 1365.18
1555. 1365.09
1556. 1365.03
1557. 1365.04
1558. 1365.1
1559. 1365.22
1560. 1365.34
1561. 1365.44
1562. 1365.49
1563. 1365.47
1564. 1365.38
1565. 1365.26
1566. 1365.15
1567. 1365.08
1568. 1365.08
1569. 1365.16
1570. 1365.29
1571. 1365.43
1572. 1365.55
1573. 1365.59
1574. 1365.56
1575. 1365.46
1576. 1365.32
1577. 1365.19
1578. 1365.11
1579. 1365.12
1580. 1365.21
1581. 1365.36
1582. 1365.53
1583. 1365.66
1584. 1365.72
1585. 1365.68
1586. 1365.57
1587. 1365.41
1588. 1365.26
1589. 1365.17
1590. 1365.18
1591. 1365.29
1592. 1365.48
1593. 1365.69
1594. 1365.86
1595. 1365.94
1596. 1365.89
1597. 1365.74
1598. 1365.53
1599. 1365.34
1600. 1365.23
1601. 1365.23
1602. 1365.35
1603. 1365.56
1604. 1365.79
1605. 1365.97
1606. 1366.01
1607. 1365.93
1608. 1365.75
1609. 1365.52
1610. 1365.32
1611. 1365.21
1612. 1365.2
1613. 1365.3
1614. 1365.46
1615. 1365.64
1616. 1365.76
1617. 1365.78
1618. 1365.71
1619. 1365.56
1620. 1365.37
1621. 1365.21
1622. 1365.12
1623. 1365.11
1624. 1365.18
1625. 1365.29
1626. 1365.41
1627. 1365.49
1628. 1365.51
1629. 1365.45
1630. 1365.34
1631. 1365.21
1632. 1365.09
1633. 1365.03
1634. 1365.02
1635. 1365.06
1636. 1365.13
1637. 1365.21
1638. 1365.26
1639. 1365.26
1640. 1365.22
1641. 1365.15
1642. 1365.06
1643. 1364.99
1644. 1364.95
1645. 1364.94
1646. 1364.97
1647. 1365.01
1648. 1365.06
1649. 1365.09
1650. 1365.09
1651. 1365.06
1652. 1365.02
1653. 1364.97
1654. 1364.93
1655. 1364.9
1656. 1364.9
1657. 1364.91
1658. 1364.94
1659. 1364.96
1660. 1364.97
1661. 1364.97
1662. 1364.95
1663. 1364.92
1664. 1364.9
1665. 1364.88
1666. 1364.86
1667. 1364.86
1668. 1364.86
1669. 1364.86
1670. 1364.86
1671. 1364.86
1672. 1364.85
1673. 1364.84
1674. 1364.83
1675. 1364.83
1676. 1364.83
1677. 1364.83
1678. 1364.83
1679. 1364.82
1680. 1364.81
1681. 1364.8
1682. 1364.79
1683. 1364.79
1684. 1364.78
1685. 1364.79
1686. 1364.8
1687. 1364.81
1688. 1364.82
1689. 1364.82
1690. 1364.82
1691. 1364.81
1692. 1364.81
1693. 1364.8
1694. 1364.81
1695. 1364.81
1696. 1364.82
1697. 1364.83
1698. 1364.83
1699. 1364.84
1700. 1364.84
1701. 1364.85
1702. 1364.85
1703. 1364.87
1704. 1364.88
1705. 1364.89
1706. 1364.9
1707. 1364.89
1708. 1364.91
1709. 1364.91
1710. 1364.91
1711. 1364.91
1712. 1364.92
1713. 1364.94
1714. 1364.95
1715. 1364.97
1716. 1365
1717. 1365.04
1718. 1365.09
1719. 1365.07
1720. 1365.19
1721. 1365.19
1722. 1365.18
1723. 1365.14
1724. 1365.11
1725. 1365.18
1726. 1365.21
1727. 1365.34
1728. 1365.4
1729. 1365.53
1730. 1365.4
1731. 1365.54
1732. 1365.26
1733. 1365.22
1734. 1365.14
1735. 1365.1
1736. 1365.2
1737. 1365.38
1738. 1365.3
1739. 1365.23
1740. 1365.38
1741. 1365.24
1742. 1365.4
1743. 1365.28
1744. 1365.16
1745. 1365.11
1746. 1365.11
1747. 1365.11
1748. 1365.13
1749. 1365.45
1750. 1365.58
1751. 1365.56
1752. 1365.44
1753. 1365.38
1754. 1365.35
1755. 1365.27
1756. 1365.22
1757. 1365.22
1758. 1365.31
1759. 1365.39
1760. 1365.47
1761. 1365.55
1762. 1365.63
1763. 1365.54
1764. 1365.48
1765. 1365.29
1766. 1365.26
1767. 1365.31
1768. 1365.54
1769. 1365.86
1770. 1366.12
1771. 1366.14
1772. 1366.04
1773. 1365.9
1774. 1365.64
1775. 1365.52
1776. 1365.32
1777. 1365.33
1778. 1365.49
1779. 1365.6
1780. 1365.18
1781. 1365.18
1782. 1365.35
1783. 1365.26
1784. 1365.2
1785. 1365.23
1786. 1365.33
1787. 1365.63
1788. 1365.6
1789. 1365.74
1790. 1365.22
1791. 1365.14
1792. 1365.2
1793. 1365.23
1794. 1365.2
1795. 1365.28
1796. 1365.4
1797. 1365.38
1798. 1365.32
1799. 1365.29
1800. 1365.28
1801. 1365.28
1802. 1365.53
1803. 1365.48
1804. 1365.33
1805. 1365.31
1806. 1365.3
1807. 1365.26
1808. 1365.17
1809. 1365.14
1810. 1365.12
1811. 1365.1
1812. 1365.08
1813. 1365.09
1814. 1365.12
1815. 1365.12
1816. 1365.15
1817. 1365.23
1818. 1365.23
1819. 1365.19
1820. 1365.18
1821. 1365.14
1822. 1365.12
1823. 1365.13
1824. 1365.15
1825. 1365.19
1826. 1365.28
1827. 1365.36
1828. 1365.5
1829. 1365.56
1830. 1365.58
1831. 1365.62
1832. 1365.56
1833. 1365.44
1834. 1365.38
1835. 1365.39
1836. 1365.52
1837. 1365.88
1838. 1365.99
1839. 1365.96
1840. 1365.84
1841. 1365.8
1842. 1365.68
1843. 1365.61
1844. 1365.53
1845. 1365.45
1846. 1365.48
1847. 1365.4
1848. 1365.2
1849. 1365.62
